81 6 1 4 64
2 10 1 5
150 20 0 6

0 4 45 46 54 55
1 4 40 41 49 50
2 4 66 67 75 76
3 4 47 48 56 57
4 4 27 28 36 37
5 4 59 60 68 69
6 6 54 63 64 72 73 74
7 6 23 24 25 32 33 34
8 6 11 12 13 20 21 22
9 6 62 70 71 78 79 80
10 7 6 7 8 15 16 17 25
11 4 0 1 9 10 
12 4 1 2 10 11 
13 4 2 3 11 12 
14 4 3 4 12 13 
15 4 4 5 13 14 
16 4 5 6 14 15 
17 4 6 7 15 16 
18 4 7 8 16 17 
19 4 9 10 18 19 
20 4 10 11 19 20 
21 4 11 12 20 21 
22 4 12 13 21 22 
23 4 13 14 22 23 
24 4 14 15 23 24 
25 4 15 16 24 25 
26 4 16 17 25 26 
27 4 18 19 27 28 
28 4 19 20 28 29 
29 4 20 21 29 30 
30 4 21 22 30 31 
31 4 22 23 31 32 
32 4 23 24 32 33 
33 4 24 25 33 34 
34 4 25 26 34 35 
35 4 27 28 36 37 
36 4 28 29 37 38 
37 4 29 30 38 39 
38 4 30 31 39 40 
39 4 31 32 40 41 
40 4 32 33 41 42 
41 4 33 34 42 43 
42 4 34 35 43 44 
43 4 36 37 45 46 
44 4 37 38 46 47 
45 4 38 39 47 48 
46 4 39 40 48 49 
47 4 40 41 49 50 
48 4 41 42 50 51 
49 4 42 43 51 52 
50 4 43 44 52 53 
51 4 45 46 54 55 
52 4 46 47 55 56 
53 4 47 48 56 57 
54 4 48 49 57 58 
55 4 49 50 58 59 
56 4 50 51 59 60 
57 4 51 52 60 61 
58 4 52 53 61 62 
59 4 54 55 63 64 
60 4 55 56 64 65 
61 4 56 57 65 66 
62 4 57 58 66 67 
63 4 58 59 67 68 
64 4 59 60 68 69 
65 4 60 61 69 70 
66 4 61 62 70 71 
67 4 63 64 72 73 
68 4 64 65 73 74 
69 4 65 66 74 75 
70 4 66 67 75 76 
71 4 67 68 76 77 
72 4 68 69 77 78 
73 4 69 70 78 79 
74 4 70 71 79 80 

99999 1.58 1.59 0.88 0.88 2.4 1.38 2.96 2.19 3.88 3.78 2.38 2.4 2.53 2.74 3.03 3.36 3.73 4.13 1.88 1.91 2.07 2.33 2.65 3.03 3.43 3.86 1.38 1.43 1.63 1.94 2.33 2.74 3.19 3.64 0.88 0.95 1.24 1.63 2.07 2.53 3.01 3.49 0.4 0.53 0.95 1.43 1.91 2.4 2.9 3.4 0.18 0.4 0.88 1.38 1.88 2.38 2.88 3.38 0.64 0.73 1.08 1.51 1.98 2.46 2.94 3.43 1.13 1.19 1.43 1.78 2.19 2.63 3.09 3.56 
1.58 99999 1.67 0.73 1.43 1.24 2.48 1.43 1.43 2.83 2.3 2.48 2.19 1.98 1.88 1.91 2.07 2.33 2.65 2.13 1.78 1.51 1.38 1.43 1.63 1.94 2.33 1.85 1.43 1.08 0.88 0.95 1.24 1.63 2.07 1.67 1.19 0.73 0.4 0.53 0.95 1.43 1.91 1.63 1.13 0.64 0.18 0.4 0.88 1.38 1.88 1.74 1.29 0.88 0.64 0.73 1.08 1.51 1.98 1.98 1.59 1.29 1.13 1.19 1.43 1.78 2.19 2.3 1.98 1.74 1.63 1.67 1.85 2.13 2.48 
1.59 1.67 99999 1.27 2.24 1.46 1.27 2.92 3.0 2.51 3.82 3.72 3.58 3.51 3.51 3.58 3.72 3.91 4.16 3.25 3.09 3.01 3.01 3.09 3.25 3.47 3.75 2.8 2.61 2.51 2.51 2.61 2.8 3.05 3.36 2.36 2.14 2.02 2.02 2.14 2.36 2.66 3.01 1.95 1.68 1.52 1.52 1.68 1.95 2.3 2.7 1.6 1.25 1.03 1.03 1.25 1.6 2.02 2.46 1.35 0.9 0.56 0.56 0.9 1.35 1.82 2.3 1.25 0.75 0.25 0.25 0.75 1.25 1.75 2.25 
0.88 0.73 1.27 99999 1.06 1.58 1.8 2.15 1.77 3.13 3.01 2.46 2.3 2.25 2.3 2.46 2.7 3.01 3.36 2.02 1.82 1.75 1.82 2.02 2.3 2.66 3.05 1.6 1.35 1.25 1.35 1.6 1.95 2.36 2.8 1.25 0.9 0.75 0.9 1.25 1.68 2.14 2.61 1.03 0.56 0.25 0.56 1.03 1.52 2.02 2.51 1.03 0.56 0.25 0.56 1.03 1.52 2.02 2.51 1.25 0.9 0.75 0.9 1.25 1.68 2.14 2.61 1.6 1.35 1.25 1.35 1.6 1.95 2.36 2.8 
0.88 1.43 2.24 1.06 99999 2.57 2.26 2.55 1.41 4.16 3.25 1.52 1.52 1.68 1.95 2.3 2.7 3.13 3.58 1.03 1.03 1.25 1.6 2.02 2.46 2.93 3.4 0.56 0.56 0.9 1.35 1.82 2.3 2.8 3.29 0.25 0.25 0.75 1.25 1.75 2.25 2.75 3.25 0.56 0.56 0.9 1.35 1.82 2.3 2.8 3.29 1.03 1.03 1.25 1.6 2.02 2.46 2.93 3.4 1.52 1.52 1.68 1.95 2.3 2.7 3.13 3.58 2.02 2.02 2.14 2.36 2.66 3.01 3.4 3.82 
2.4 1.24 1.46 1.58 2.57 99999 2.69 1.77 2.57 1.6 2.61 3.72 3.4 3.13 2.93 2.8 2.75 2.8 2.93 3.36 3.01 2.7 2.46 2.3 2.25 2.3 2.46 3.05 2.66 2.3 2.02 1.82 1.75 1.82 2.02 2.8 2.36 1.95 1.6 1.35 1.25 1.35 1.6 2.61 2.14 1.68 1.25 0.9 0.75 0.9 1.25 2.51 2.02 1.52 1.03 0.56 0.25 0.56 1.03 2.51 2.02 1.52 1.03 0.56 0.25 0.56 1.03 2.61 2.14 1.68 1.25 0.9 0.75 0.9 1.25 
1.38 2.48 1.27 1.8 2.26 2.69 99999 3.89 3.48 3.75 4.78 3.75 3.78 3.88 4.04 4.25 4.51 4.8 5.13 3.25 3.29 3.4 3.58 3.82 4.1 4.42 4.78 2.75 2.8 2.93 3.13 3.4 3.72 4.07 4.45 2.25 2.3 2.46 2.7 3.01 3.36 3.75 4.16 1.75 1.82 2.02 2.3 2.66 3.05 3.47 3.91 1.25 1.35 1.6 1.95 2.36 2.8 3.25 3.72 0.75 0.9 1.25 1.68 2.14 2.61 3.09 3.58 0.25 0.56 1.03 1.52 2.02 2.51 3.01 3.51 
2.96 1.43 2.92 2.15 2.55 1.77 3.89 99999 1.58 2.93 0.9 2.93 2.46 2.02 1.6 1.25 1.03 1.03 1.25 2.8 2.3 1.82 1.35 0.9 0.56 0.56 0.9 2.75 2.25 1.75 1.25 0.75 0.25 0.25 0.75 2.8 2.3 1.82 1.35 0.9 0.56 0.56 0.9 2.93 2.46 2.02 1.6 1.25 1.03 1.03 1.25 3.13 2.7 2.3 1.95 1.68 1.52 1.52 1.68 3.4 3.01 2.66 2.36 2.14 2.02 2.02 2.14 3.72 3.36 3.05 2.8 2.61 2.51 2.51 2.61 
2.19 1.43 3.0 1.77 1.41 2.57 3.48 1.58 99999 4.1 2.02 1.35 0.9 0.56 0.56 0.9 1.35 1.82 2.3 1.25 0.75 0.25 0.25 0.75 1.25 1.75 2.25 1.35 0.9 0.56 0.56 0.9 1.35 1.82 2.3 1.6 1.25 1.03 1.03 1.25 1.6 2.02 2.46 1.95 1.68 1.52 1.52 1.68 1.95 2.3 2.7 2.36 2.14 2.02 2.02 2.14 2.36 2.66 3.01 2.8 2.61 2.51 2.51 2.61 2.8 3.05 3.36 3.25 3.09 3.01 3.01 3.09 3.25 3.47 3.75 
3.88 2.83 2.51 3.13 4.16 1.6 3.75 2.93 4.1 99999 3.54 5.3 4.96 4.65 4.37 4.14 3.95 3.82 3.76 4.96 4.6 4.26 3.95 3.69 3.48 3.34 3.26 4.65 4.26 3.89 3.55 3.26 3.02 2.85 2.76 4.37 3.95 3.55 3.18 2.85 2.57 2.37 2.26 4.14 3.69 3.26 2.85 2.47 2.15 1.9 1.77 3.95 3.48 3.02 2.57 2.15 1.77 1.46 1.27 3.82 3.34 2.85 2.37 1.9 1.46 1.06 0.79 3.76 3.26 2.76 2.26 1.77 1.27 0.79 0.35 
3.78 2.3 3.82 3.01 3.25 2.61 4.78 0.9 2.02 3.54 99999 3.26 2.76 2.26 1.77 1.27 0.79 0.35 0.35 3.26 2.76 2.26 1.77 1.27 0.79 0.35 0.35 3.34 2.85 2.37 1.9 1.46 1.06 0.79 0.79 3.48 3.02 2.57 2.15 1.77 1.46 1.27 1.27 3.69 3.26 2.85 2.47 2.15 1.9 1.77 1.77 3.95 3.55 3.18 2.85 2.57 2.37 2.26 2.26 4.26 3.89 3.55 3.26 3.02 2.85 2.76 2.76 4.6 4.26 3.95 3.69 3.48 3.34 3.26 3.26 
2.38 2.48 3.72 2.46 1.52 3.72 3.75 2.93 1.35 5.3 3.26 99999 0.5 1.0 1.5 2.0 2.5 3.0 3.5 0.5 0.71 1.12 1.58 2.06 2.55 3.04 3.54 1.0 1.12 1.41 1.8 2.24 2.69 3.16 3.64 1.5 1.58 1.8 2.12 2.5 2.92 3.35 3.81 2.0 2.06 2.24 2.5 2.83 3.2 3.61 4.03 2.5 2.55 2.69 2.92 3.2 3.54 3.91 4.3 3.0 3.04 3.16 3.35 3.61 3.91 4.24 4.61 3.5 3.54 3.64 3.81 4.03 4.3 4.61 4.95 
2.4 2.19 3.58 2.3 1.52 3.4 3.78 2.46 0.9 4.96 2.76 0.5 99999 0.5 1.0 1.5 2.0 2.5 3.0 0.71 0.5 0.71 1.12 1.58 2.06 2.55 3.04 1.12 1.0 1.12 1.41 1.8 2.24 2.69 3.16 1.58 1.5 1.58 1.8 2.12 2.5 2.92 3.35 2.06 2.0 2.06 2.24 2.5 2.83 3.2 3.61 2.55 2.5 2.55 2.69 2.92 3.2 3.54 3.91 3.04 3.0 3.04 3.16 3.35 3.61 3.91 4.24 3.54 3.5 3.54 3.64 3.81 4.03 4.3 4.61 
2.53 1.98 3.51 2.25 1.68 3.13 3.88 2.02 0.56 4.65 2.26 1.0 0.5 99999 0.5 1.0 1.5 2.0 2.5 1.12 0.71 0.5 0.71 1.12 1.58 2.06 2.55 1.41 1.12 1.0 1.12 1.41 1.8 2.24 2.69 1.8 1.58 1.5 1.58 1.8 2.12 2.5 2.92 2.24 2.06 2.0 2.06 2.24 2.5 2.83 3.2 2.69 2.55 2.5 2.55 2.69 2.92 3.2 3.54 3.16 3.04 3.0 3.04 3.16 3.35 3.61 3.91 3.64 3.54 3.5 3.54 3.64 3.81 4.03 4.3 
2.74 1.88 3.51 2.3 1.95 2.93 4.04 1.6 0.56 4.37 1.77 1.5 1.0 0.5 99999 0.5 1.0 1.5 2.0 1.58 1.12 0.71 0.5 0.71 1.12 1.58 2.06 1.8 1.41 1.12 1.0 1.12 1.41 1.8 2.24 2.12 1.8 1.58 1.5 1.58 1.8 2.12 2.5 2.5 2.24 2.06 2.0 2.06 2.24 2.5 2.83 2.92 2.69 2.55 2.5 2.55 2.69 2.92 3.2 3.35 3.16 3.04 3.0 3.04 3.16 3.35 3.61 3.81 3.64 3.54 3.5 3.54 3.64 3.81 4.03 
3.03 1.91 3.58 2.46 2.3 2.8 4.25 1.25 0.9 4.14 1.27 2.0 1.5 1.0 0.5 99999 0.5 1.0 1.5 2.06 1.58 1.12 0.71 0.5 0.71 1.12 1.58 2.24 1.8 1.41 1.12 1.0 1.12 1.41 1.8 2.5 2.12 1.8 1.58 1.5 1.58 1.8 2.12 2.83 2.5 2.24 2.06 2.0 2.06 2.24 2.5 3.2 2.92 2.69 2.55 2.5 2.55 2.69 2.92 3.61 3.35 3.16 3.04 3.0 3.04 3.16 3.35 4.03 3.81 3.64 3.54 3.5 3.54 3.64 3.81 
3.36 2.07 3.72 2.7 2.7 2.75 4.51 1.03 1.35 3.95 0.79 2.5 2.0 1.5 1.0 0.5 99999 0.5 1.0 2.55 2.06 1.58 1.12 0.71 0.5 0.71 1.12 2.69 2.24 1.8 1.41 1.12 1.0 1.12 1.41 2.92 2.5 2.12 1.8 1.58 1.5 1.58 1.8 3.2 2.83 2.5 2.24 2.06 2.0 2.06 2.24 3.54 3.2 2.92 2.69 2.55 2.5 2.55 2.69 3.91 3.61 3.35 3.16 3.04 3.0 3.04 3.16 4.3 4.03 3.81 3.64 3.54 3.5 3.54 3.64 
3.73 2.33 3.91 3.01 3.13 2.8 4.8 1.03 1.82 3.82 0.35 3.0 2.5 2.0 1.5 1.0 0.5 99999 0.5 3.04 2.55 2.06 1.58 1.12 0.71 0.5 0.71 3.16 2.69 2.24 1.8 1.41 1.12 1.0 1.12 3.35 2.92 2.5 2.12 1.8 1.58 1.5 1.58 3.61 3.2 2.83 2.5 2.24 2.06 2.0 2.06 3.91 3.54 3.2 2.92 2.69 2.55 2.5 2.55 4.24 3.91 3.61 3.35 3.16 3.04 3.0 3.04 4.61 4.3 4.03 3.81 3.64 3.54 3.5 3.54 
4.13 2.65 4.16 3.36 3.58 2.93 5.13 1.25 2.3 3.76 0.35 3.5 3.0 2.5 2.0 1.5 1.0 0.5 99999 3.54 3.04 2.55 2.06 1.58 1.12 0.71 0.5 3.64 3.16 2.69 2.24 1.8 1.41 1.12 1.0 3.81 3.35 2.92 2.5 2.12 1.8 1.58 1.5 4.03 3.61 3.2 2.83 2.5 2.24 2.06 2.0 4.3 3.91 3.54 3.2 2.92 2.69 2.55 2.5 4.61 4.24 3.91 3.61 3.35 3.16 3.04 3.0 4.95 4.61 4.3 4.03 3.81 3.64 3.54 3.5 
1.88 2.13 3.25 2.02 1.03 3.36 3.25 2.8 1.25 4.96 3.26 0.5 0.71 1.12 1.58 2.06 2.55 3.04 3.54 99999 0.5 1.0 1.5 2.0 2.5 3.0 3.5 0.5 0.71 1.12 1.58 2.06 2.55 3.04 3.54 1.0 1.12 1.41 1.8 2.24 2.69 3.16 3.64 1.5 1.58 1.8 2.12 2.5 2.92 3.35 3.81 2.0 2.06 2.24 2.5 2.83 3.2 3.61 4.03 2.5 2.55 2.69 2.92 3.2 3.54 3.91 4.3 3.0 3.04 3.16 3.35 3.61 3.91 4.24 4.61 
1.91 1.78 3.09 1.82 1.03 3.01 3.29 2.3 0.75 4.6 2.76 0.71 0.5 0.71 1.12 1.58 2.06 2.55 3.04 0.5 99999 0.5 1.0 1.5 2.0 2.5 3.0 0.71 0.5 0.71 1.12 1.58 2.06 2.55 3.04 1.12 1.0 1.12 1.41 1.8 2.24 2.69 3.16 1.58 1.5 1.58 1.8 2.12 2.5 2.92 3.35 2.06 2.0 2.06 2.24 2.5 2.83 3.2 3.61 2.55 2.5 2.55 2.69 2.92 3.2 3.54 3.91 3.04 3.0 3.04 3.16 3.35 3.61 3.91 4.24 
2.07 1.51 3.01 1.75 1.25 2.7 3.4 1.82 0.25 4.26 2.26 1.12 0.71 0.5 0.71 1.12 1.58 2.06 2.55 1.0 0.5 99999 0.5 1.0 1.5 2.0 2.5 1.12 0.71 0.5 0.71 1.12 1.58 2.06 2.55 1.41 1.12 1.0 1.12 1.41 1.8 2.24 2.69 1.8 1.58 1.5 1.58 1.8 2.12 2.5 2.92 2.24 2.06 2.0 2.06 2.24 2.5 2.83 3.2 2.69 2.55 2.5 2.55 2.69 2.92 3.2 3.54 3.16 3.04 3.0 3.04 3.16 3.35 3.61 3.91 
2.33 1.38 3.01 1.82 1.6 2.46 3.58 1.35 0.25 3.95 1.77 1.58 1.12 0.71 0.5 0.71 1.12 1.58 2.06 1.5 1.0 0.5 99999 0.5 1.0 1.5 2.0 1.58 1.12 0.71 0.5 0.71 1.12 1.58 2.06 1.8 1.41 1.12 1.0 1.12 1.41 1.8 2.24 2.12 1.8 1.58 1.5 1.58 1.8 2.12 2.5 2.5 2.24 2.06 2.0 2.06 2.24 2.5 2.83 2.92 2.69 2.55 2.5 2.55 2.69 2.92 3.2 3.35 3.16 3.04 3.0 3.04 3.16 3.35 3.61 
2.65 1.43 3.09 2.02 2.02 2.3 3.82 0.9 0.75 3.69 1.27 2.06 1.58 1.12 0.71 0.5 0.71 1.12 1.58 2.0 1.5 1.0 0.5 99999 0.5 1.0 1.5 2.06 1.58 1.12 0.71 0.5 0.71 1.12 1.58 2.24 1.8 1.41 1.12 1.0 1.12 1.41 1.8 2.5 2.12 1.8 1.58 1.5 1.58 1.8 2.12 2.83 2.5 2.24 2.06 2.0 2.06 2.24 2.5 3.2 2.92 2.69 2.55 2.5 2.55 2.69 2.92 3.61 3.35 3.16 3.04 3.0 3.04 3.16 3.35 
3.03 1.63 3.25 2.3 2.46 2.25 4.1 0.56 1.25 3.48 0.79 2.55 2.06 1.58 1.12 0.71 0.5 0.71 1.12 2.5 2.0 1.5 1.0 0.5 99999 0.5 1.0 2.55 2.06 1.58 1.12 0.71 0.5 0.71 1.12 2.69 2.24 1.8 1.41 1.12 1.0 1.12 1.41 2.92 2.5 2.12 1.8 1.58 1.5 1.58 1.8 3.2 2.83 2.5 2.24 2.06 2.0 2.06 2.24 3.54 3.2 2.92 2.69 2.55 2.5 2.55 2.69 3.91 3.61 3.35 3.16 3.04 3.0 3.04 3.16 
3.43 1.94 3.47 2.66 2.93 2.3 4.42 0.56 1.75 3.34 0.35 3.04 2.55 2.06 1.58 1.12 0.71 0.5 0.71 3.0 2.5 2.0 1.5 1.0 0.5 99999 0.5 3.04 2.55 2.06 1.58 1.12 0.71 0.5 0.71 3.16 2.69 2.24 1.8 1.41 1.12 1.0 1.12 3.35 2.92 2.5 2.12 1.8 1.58 1.5 1.58 3.61 3.2 2.83 2.5 2.24 2.06 2.0 2.06 3.91 3.54 3.2 2.92 2.69 2.55 2.5 2.55 4.24 3.91 3.61 3.35 3.16 3.04 3.0 3.04 
3.86 2.33 3.75 3.05 3.4 2.46 4.78 0.9 2.25 3.26 0.35 3.54 3.04 2.55 2.06 1.58 1.12 0.71 0.5 3.5 3.0 2.5 2.0 1.5 1.0 0.5 99999 3.54 3.04 2.55 2.06 1.58 1.12 0.71 0.5 3.64 3.16 2.69 2.24 1.8 1.41 1.12 1.0 3.81 3.35 2.92 2.5 2.12 1.8 1.58 1.5 4.03 3.61 3.2 2.83 2.5 2.24 2.06 2.0 4.3 3.91 3.54 3.2 2.92 2.69 2.55 2.5 4.61 4.24 3.91 3.61 3.35 3.16 3.04 3.0 
1.38 1.85 2.8 1.6 0.56 3.05 2.75 2.75 1.35 4.65 3.34 1.0 1.12 1.41 1.8 2.24 2.69 3.16 3.64 0.5 0.71 1.12 1.58 2.06 2.55 3.04 3.54 99999 0.5 1.0 1.5 2.0 2.5 3.0 3.5 0.5 0.71 1.12 1.58 2.06 2.55 3.04 3.54 1.0 1.12 1.41 1.8 2.24 2.69 3.16 3.64 1.5 1.58 1.8 2.12 2.5 2.92 3.35 3.81 2.0 2.06 2.24 2.5 2.83 3.2 3.61 4.03 2.5 2.55 2.69 2.92 3.2 3.54 3.91 4.3 
1.43 1.43 2.61 1.35 0.56 2.66 2.8 2.25 0.9 4.26 2.85 1.12 1.0 1.12 1.41 1.8 2.24 2.69 3.16 0.71 0.5 0.71 1.12 1.58 2.06 2.55 3.04 0.5 99999 0.5 1.0 1.5 2.0 2.5 3.0 0.71 0.5 0.71 1.12 1.58 2.06 2.55 3.04 1.12 1.0 1.12 1.41 1.8 2.24 2.69 3.16 1.58 1.5 1.58 1.8 2.12 2.5 2.92 3.35 2.06 2.0 2.06 2.24 2.5 2.83 3.2 3.61 2.55 2.5 2.55 2.69 2.92 3.2 3.54 3.91 
1.63 1.08 2.51 1.25 0.9 2.3 2.93 1.75 0.56 3.89 2.37 1.41 1.12 1.0 1.12 1.41 1.8 2.24 2.69 1.12 0.71 0.5 0.71 1.12 1.58 2.06 2.55 1.0 0.5 99999 0.5 1.0 1.5 2.0 2.5 1.12 0.71 0.5 0.71 1.12 1.58 2.06 2.55 1.41 1.12 1.0 1.12 1.41 1.8 2.24 2.69 1.8 1.58 1.5 1.58 1.8 2.12 2.5 2.92 2.24 2.06 2.0 2.06 2.24 2.5 2.83 3.2 2.69 2.55 2.5 2.55 2.69 2.92 3.2 3.54 
1.94 0.88 2.51 1.35 1.35 2.02 3.13 1.25 0.56 3.55 1.9 1.8 1.41 1.12 1.0 1.12 1.41 1.8 2.24 1.58 1.12 0.71 0.5 0.71 1.12 1.58 2.06 1.5 1.0 0.5 99999 0.5 1.0 1.5 2.0 1.58 1.12 0.71 0.5 0.71 1.12 1.58 2.06 1.8 1.41 1.12 1.0 1.12 1.41 1.8 2.24 2.12 1.8 1.58 1.5 1.58 1.8 2.12 2.5 2.5 2.24 2.06 2.0 2.06 2.24 2.5 2.83 2.92 2.69 2.55 2.5 2.55 2.69 2.92 3.2 
2.33 0.95 2.61 1.6 1.82 1.82 3.4 0.75 0.9 3.26 1.46 2.24 1.8 1.41 1.12 1.0 1.12 1.41 1.8 2.06 1.58 1.12 0.71 0.5 0.71 1.12 1.58 2.0 1.5 1.0 0.5 99999 0.5 1.0 1.5 2.06 1.58 1.12 0.71 0.5 0.71 1.12 1.58 2.24 1.8 1.41 1.12 1.0 1.12 1.41 1.8 2.5 2.12 1.8 1.58 1.5 1.58 1.8 2.12 2.83 2.5 2.24 2.06 2.0 2.06 2.24 2.5 3.2 2.92 2.69 2.55 2.5 2.55 2.69 2.92 
2.74 1.24 2.8 1.95 2.3 1.75 3.72 0.25 1.35 3.02 1.06 2.69 2.24 1.8 1.41 1.12 1.0 1.12 1.41 2.55 2.06 1.58 1.12 0.71 0.5 0.71 1.12 2.5 2.0 1.5 1.0 0.5 99999 0.5 1.0 2.55 2.06 1.58 1.12 0.71 0.5 0.71 1.12 2.69 2.24 1.8 1.41 1.12 1.0 1.12 1.41 2.92 2.5 2.12 1.8 1.58 1.5 1.58 1.8 3.2 2.83 2.5 2.24 2.06 2.0 2.06 2.24 3.54 3.2 2.92 2.69 2.55 2.5 2.55 2.69 
3.19 1.63 3.05 2.36 2.8 1.82 4.07 0.25 1.82 2.85 0.79 3.16 2.69 2.24 1.8 1.41 1.12 1.0 1.12 3.04 2.55 2.06 1.58 1.12 0.71 0.5 0.71 3.0 2.5 2.0 1.5 1.0 0.5 99999 0.5 3.04 2.55 2.06 1.58 1.12 0.71 0.5 0.71 3.16 2.69 2.24 1.8 1.41 1.12 1.0 1.12 3.35 2.92 2.5 2.12 1.8 1.58 1.5 1.58 3.61 3.2 2.83 2.5 2.24 2.06 2.0 2.06 3.91 3.54 3.2 2.92 2.69 2.55 2.5 2.55 
3.64 2.07 3.36 2.8 3.29 2.02 4.45 0.75 2.3 2.76 0.79 3.64 3.16 2.69 2.24 1.8 1.41 1.12 1.0 3.54 3.04 2.55 2.06 1.58 1.12 0.71 0.5 3.5 3.0 2.5 2.0 1.5 1.0 0.5 99999 3.54 3.04 2.55 2.06 1.58 1.12 0.71 0.5 3.64 3.16 2.69 2.24 1.8 1.41 1.12 1.0 3.81 3.35 2.92 2.5 2.12 1.8 1.58 1.5 4.03 3.61 3.2 2.83 2.5 2.24 2.06 2.0 4.3 3.91 3.54 3.2 2.92 2.69 2.55 2.5 
0.88 1.67 2.36 1.25 0.25 2.8 2.25 2.8 1.6 4.37 3.48 1.5 1.58 1.8 2.12 2.5 2.92 3.35 3.81 1.0 1.12 1.41 1.8 2.24 2.69 3.16 3.64 0.5 0.71 1.12 1.58 2.06 2.55 3.04 3.54 99999 0.5 1.0 1.5 2.0 2.5 3.0 3.5 0.5 0.71 1.12 1.58 2.06 2.55 3.04 3.54 1.0 1.12 1.41 1.8 2.24 2.69 3.16 3.64 1.5 1.58 1.8 2.12 2.5 2.92 3.35 3.81 2.0 2.06 2.24 2.5 2.83 3.2 3.61 4.03 
0.95 1.19 2.14 0.9 0.25 2.36 2.3 2.3 1.25 3.95 3.02 1.58 1.5 1.58 1.8 2.12 2.5 2.92 3.35 1.12 1.0 1.12 1.41 1.8 2.24 2.69 3.16 0.71 0.5 0.71 1.12 1.58 2.06 2.55 3.04 0.5 99999 0.5 1.0 1.5 2.0 2.5 3.0 0.71 0.5 0.71 1.12 1.58 2.06 2.55 3.04 1.12 1.0 1.12 1.41 1.8 2.24 2.69 3.16 1.58 1.5 1.58 1.8 2.12 2.5 2.92 3.35 2.06 2.0 2.06 2.24 2.5 2.83 3.2 3.61 
1.24 0.73 2.02 0.75 0.75 1.95 2.46 1.82 1.03 3.55 2.57 1.8 1.58 1.5 1.58 1.8 2.12 2.5 2.92 1.41 1.12 1.0 1.12 1.41 1.8 2.24 2.69 1.12 0.71 0.5 0.71 1.12 1.58 2.06 2.55 1.0 0.5 99999 0.5 1.0 1.5 2.0 2.5 1.12 0.71 0.5 0.71 1.12 1.58 2.06 2.55 1.41 1.12 1.0 1.12 1.41 1.8 2.24 2.69 1.8 1.58 1.5 1.58 1.8 2.12 2.5 2.92 2.24 2.06 2.0 2.06 2.24 2.5 2.83 3.2 
1.63 0.4 2.02 0.9 1.25 1.6 2.7 1.35 1.03 3.18 2.15 2.12 1.8 1.58 1.5 1.58 1.8 2.12 2.5 1.8 1.41 1.12 1.0 1.12 1.41 1.8 2.24 1.58 1.12 0.71 0.5 0.71 1.12 1.58 2.06 1.5 1.0 0.5 99999 0.5 1.0 1.5 2.0 1.58 1.12 0.71 0.5 0.71 1.12 1.58 2.06 1.8 1.41 1.12 1.0 1.12 1.41 1.8 2.24 2.12 1.8 1.58 1.5 1.58 1.8 2.12 2.5 2.5 2.24 2.06 2.0 2.06 2.24 2.5 2.83 
2.07 0.53 2.14 1.25 1.75 1.35 3.01 0.9 1.25 2.85 1.77 2.5 2.12 1.8 1.58 1.5 1.58 1.8 2.12 2.24 1.8 1.41 1.12 1.0 1.12 1.41 1.8 2.06 1.58 1.12 0.71 0.5 0.71 1.12 1.58 2.0 1.5 1.0 0.5 99999 0.5 1.0 1.5 2.06 1.58 1.12 0.71 0.5 0.71 1.12 1.58 2.24 1.8 1.41 1.12 1.0 1.12 1.41 1.8 2.5 2.12 1.8 1.58 1.5 1.58 1.8 2.12 2.83 2.5 2.24 2.06 2.0 2.06 2.24 2.5 
2.53 0.95 2.36 1.68 2.25 1.25 3.36 0.56 1.6 2.57 1.46 2.92 2.5 2.12 1.8 1.58 1.5 1.58 1.8 2.69 2.24 1.8 1.41 1.12 1.0 1.12 1.41 2.55 2.06 1.58 1.12 0.71 0.5 0.71 1.12 2.5 2.0 1.5 1.0 0.5 99999 0.5 1.0 2.55 2.06 1.58 1.12 0.71 0.5 0.71 1.12 2.69 2.24 1.8 1.41 1.12 1.0 1.12 1.41 2.92 2.5 2.12 1.8 1.58 1.5 1.58 1.8 3.2 2.83 2.5 2.24 2.06 2.0 2.06 2.24 
3.01 1.43 2.66 2.14 2.75 1.35 3.75 0.56 2.02 2.37 1.27 3.35 2.92 2.5 2.12 1.8 1.58 1.5 1.58 3.16 2.69 2.24 1.8 1.41 1.12 1.0 1.12 3.04 2.55 2.06 1.58 1.12 0.71 0.5 0.71 3.0 2.5 2.0 1.5 1.0 0.5 99999 0.5 3.04 2.55 2.06 1.58 1.12 0.71 0.5 0.71 3.16 2.69 2.24 1.8 1.41 1.12 1.0 1.12 3.35 2.92 2.5 2.12 1.8 1.58 1.5 1.58 3.61 3.2 2.83 2.5 2.24 2.06 2.0 2.06 
3.49 1.91 3.01 2.61 3.25 1.6 4.16 0.9 2.46 2.26 1.27 3.81 3.35 2.92 2.5 2.12 1.8 1.58 1.5 3.64 3.16 2.69 2.24 1.8 1.41 1.12 1.0 3.54 3.04 2.55 2.06 1.58 1.12 0.71 0.5 3.5 3.0 2.5 2.0 1.5 1.0 0.5 99999 3.54 3.04 2.55 2.06 1.58 1.12 0.71 0.5 3.64 3.16 2.69 2.24 1.8 1.41 1.12 1.0 3.81 3.35 2.92 2.5 2.12 1.8 1.58 1.5 4.03 3.61 3.2 2.83 2.5 2.24 2.06 2.0 
0.4 1.63 1.95 1.03 0.56 2.61 1.75 2.93 1.95 4.14 3.69 2.0 2.06 2.24 2.5 2.83 3.2 3.61 4.03 1.5 1.58 1.8 2.12 2.5 2.92 3.35 3.81 1.0 1.12 1.41 1.8 2.24 2.69 3.16 3.64 0.5 0.71 1.12 1.58 2.06 2.55 3.04 3.54 99999 0.5 1.0 1.5 2.0 2.5 3.0 3.5 0.5 0.71 1.12 1.58 2.06 2.55 3.04 3.54 1.0 1.12 1.41 1.8 2.24 2.69 3.16 3.64 1.5 1.58 1.8 2.12 2.5 2.92 3.35 3.81 
0.53 1.13 1.68 0.56 0.56 2.14 1.82 2.46 1.68 3.69 3.26 2.06 2.0 2.06 2.24 2.5 2.83 3.2 3.61 1.58 1.5 1.58 1.8 2.12 2.5 2.92 3.35 1.12 1.0 1.12 1.41 1.8 2.24 2.69 3.16 0.71 0.5 0.71 1.12 1.58 2.06 2.55 3.04 0.5 99999 0.5 1.0 1.5 2.0 2.5 3.0 0.71 0.5 0.71 1.12 1.58 2.06 2.55 3.04 1.12 1.0 1.12 1.41 1.8 2.24 2.69 3.16 1.58 1.5 1.58 1.8 2.12 2.5 2.92 3.35 
0.95 0.64 1.52 0.25 0.9 1.68 2.02 2.02 1.52 3.26 2.85 2.24 2.06 2.0 2.06 2.24 2.5 2.83 3.2 1.8 1.58 1.5 1.58 1.8 2.12 2.5 2.92 1.41 1.12 1.0 1.12 1.41 1.8 2.24 2.69 1.12 0.71 0.5 0.71 1.12 1.58 2.06 2.55 1.0 0.5 99999 0.5 1.0 1.5 2.0 2.5 1.12 0.71 0.5 0.71 1.12 1.58 2.06 2.55 1.41 1.12 1.0 1.12 1.41 1.8 2.24 2.69 1.8 1.58 1.5 1.58 1.8 2.12 2.5 2.92 
1.43 0.18 1.52 0.56 1.35 1.25 2.3 1.6 1.52 2.85 2.47 2.5 2.24 2.06 2.0 2.06 2.24 2.5 2.83 2.12 1.8 1.58 1.5 1.58 1.8 2.12 2.5 1.8 1.41 1.12 1.0 1.12 1.41 1.8 2.24 1.58 1.12 0.71 0.5 0.71 1.12 1.58 2.06 1.5 1.0 0.5 99999 0.5 1.0 1.5 2.0 1.58 1.12 0.71 0.5 0.71 1.12 1.58 2.06 1.8 1.41 1.12 1.0 1.12 1.41 1.8 2.24 2.12 1.8 1.58 1.5 1.58 1.8 2.12 2.5 
1.91 0.4 1.68 1.03 1.82 0.9 2.66 1.25 1.68 2.47 2.15 2.83 2.5 2.24 2.06 2.0 2.06 2.24 2.5 2.5 2.12 1.8 1.58 1.5 1.58 1.8 2.12 2.24 1.8 1.41 1.12 1.0 1.12 1.41 1.8 2.06 1.58 1.12 0.71 0.5 0.71 1.12 1.58 2.0 1.5 1.0 0.5 99999 0.5 1.0 1.5 2.06 1.58 1.12 0.71 0.5 0.71 1.12 1.58 2.24 1.8 1.41 1.12 1.0 1.12 1.41 1.8 2.5 2.12 1.8 1.58 1.5 1.58 1.8 2.12 
2.4 0.88 1.95 1.52 2.3 0.75 3.05 1.03 1.95 2.15 1.9 3.2 2.83 2.5 2.24 2.06 2.0 2.06 2.24 2.92 2.5 2.12 1.8 1.58 1.5 1.58 1.8 2.69 2.24 1.8 1.41 1.12 1.0 1.12 1.41 2.55 2.06 1.58 1.12 0.71 0.5 0.71 1.12 2.5 2.0 1.5 1.0 0.5 99999 0.5 1.0 2.55 2.06 1.58 1.12 0.71 0.5 0.71 1.12 2.69 2.24 1.8 1.41 1.12 1.0 1.12 1.41 2.92 2.5 2.12 1.8 1.58 1.5 1.58 1.8 
2.9 1.38 2.3 2.02 2.8 0.9 3.47 1.03 2.3 1.9 1.77 3.61 3.2 2.83 2.5 2.24 2.06 2.0 2.06 3.35 2.92 2.5 2.12 1.8 1.58 1.5 1.58 3.16 2.69 2.24 1.8 1.41 1.12 1.0 1.12 3.04 2.55 2.06 1.58 1.12 0.71 0.5 0.71 3.0 2.5 2.0 1.5 1.0 0.5 99999 0.5 3.04 2.55 2.06 1.58 1.12 0.71 0.5 0.71 3.16 2.69 2.24 1.8 1.41 1.12 1.0 1.12 3.35 2.92 2.5 2.12 1.8 1.58 1.5 1.58 
3.4 1.88 2.7 2.51 3.29 1.25 3.91 1.25 2.7 1.77 1.77 4.03 3.61 3.2 2.83 2.5 2.24 2.06 2.0 3.81 3.35 2.92 2.5 2.12 1.8 1.58 1.5 3.64 3.16 2.69 2.24 1.8 1.41 1.12 1.0 3.54 3.04 2.55 2.06 1.58 1.12 0.71 0.5 3.5 3.0 2.5 2.0 1.5 1.0 0.5 99999 3.54 3.04 2.55 2.06 1.58 1.12 0.71 0.5 3.64 3.16 2.69 2.24 1.8 1.41 1.12 1.0 3.81 3.35 2.92 2.5 2.12 1.8 1.58 1.5 
0.18 1.74 1.6 1.03 1.03 2.51 1.25 3.13 2.36 3.95 3.95 2.5 2.55 2.69 2.92 3.2 3.54 3.91 4.3 2.0 2.06 2.24 2.5 2.83 3.2 3.61 4.03 1.5 1.58 1.8 2.12 2.5 2.92 3.35 3.81 1.0 1.12 1.41 1.8 2.24 2.69 3.16 3.64 0.5 0.71 1.12 1.58 2.06 2.55 3.04 3.54 99999 0.5 1.0 1.5 2.0 2.5 3.0 3.5 0.5 0.71 1.12 1.58 2.06 2.55 3.04 3.54 1.0 1.12 1.41 1.8 2.24 2.69 3.16 3.64 
0.4 1.29 1.25 0.56 1.03 2.02 1.35 2.7 2.14 3.48 3.55 2.55 2.5 2.55 2.69 2.92 3.2 3.54 3.91 2.06 2.0 2.06 2.24 2.5 2.83 3.2 3.61 1.58 1.5 1.58 1.8 2.12 2.5 2.92 3.35 1.12 1.0 1.12 1.41 1.8 2.24 2.69 3.16 0.71 0.5 0.71 1.12 1.58 2.06 2.55 3.04 0.5 99999 0.5 1.0 1.5 2.0 2.5 3.0 0.71 0.5 0.71 1.12 1.58 2.06 2.55 3.04 1.12 1.0 1.12 1.41 1.8 2.24 2.69 3.16 
0.88 0.88 1.03 0.25 1.25 1.52 1.6 2.3 2.02 3.02 3.18 2.69 2.55 2.5 2.55 2.69 2.92 3.2 3.54 2.24 2.06 2.0 2.06 2.24 2.5 2.83 3.2 1.8 1.58 1.5 1.58 1.8 2.12 2.5 2.92 1.41 1.12 1.0 1.12 1.41 1.8 2.24 2.69 1.12 0.71 0.5 0.71 1.12 1.58 2.06 2.55 1.0 0.5 99999 0.5 1.0 1.5 2.0 2.5 1.12 0.71 0.5 0.71 1.12 1.58 2.06 2.55 1.41 1.12 1.0 1.12 1.41 1.8 2.24 2.69 
1.38 0.64 1.03 0.56 1.6 1.03 1.95 1.95 2.02 2.57 2.85 2.92 2.69 2.55 2.5 2.55 2.69 2.92 3.2 2.5 2.24 2.06 2.0 2.06 2.24 2.5 2.83 2.12 1.8 1.58 1.5 1.58 1.8 2.12 2.5 1.8 1.41 1.12 1.0 1.12 1.41 1.8 2.24 1.58 1.12 0.71 0.5 0.71 1.12 1.58 2.06 1.5 1.0 0.5 99999 0.5 1.0 1.5 2.0 1.58 1.12 0.71 0.5 0.71 1.12 1.58 2.06 1.8 1.41 1.12 1.0 1.12 1.41 1.8 2.24 
1.88 0.73 1.25 1.03 2.02 0.56 2.36 1.68 2.14 2.15 2.57 3.2 2.92 2.69 2.55 2.5 2.55 2.69 2.92 2.83 2.5 2.24 2.06 2.0 2.06 2.24 2.5 2.5 2.12 1.8 1.58 1.5 1.58 1.8 2.12 2.24 1.8 1.41 1.12 1.0 1.12 1.41 1.8 2.06 1.58 1.12 0.71 0.5 0.71 1.12 1.58 2.0 1.5 1.0 0.5 99999 0.5 1.0 1.5 2.06 1.58 1.12 0.71 0.5 0.71 1.12 1.58 2.24 1.8 1.41 1.12 1.0 1.12 1.41 1.8 
2.38 1.08 1.6 1.52 2.46 0.25 2.8 1.52 2.36 1.77 2.37 3.54 3.2 2.92 2.69 2.55 2.5 2.55 2.69 3.2 2.83 2.5 2.24 2.06 2.0 2.06 2.24 2.92 2.5 2.12 1.8 1.58 1.5 1.58 1.8 2.69 2.24 1.8 1.41 1.12 1.0 1.12 1.41 2.55 2.06 1.58 1.12 0.71 0.5 0.71 1.12 2.5 2.0 1.5 1.0 0.5 99999 0.5 1.0 2.55 2.06 1.58 1.12 0.71 0.5 0.71 1.12 2.69 2.24 1.8 1.41 1.12 1.0 1.12 1.41 
2.88 1.51 2.02 2.02 2.93 0.56 3.25 1.52 2.66 1.46 2.26 3.91 3.54 3.2 2.92 2.69 2.55 2.5 2.55 3.61 3.2 2.83 2.5 2.24 2.06 2.0 2.06 3.35 2.92 2.5 2.12 1.8 1.58 1.5 1.58 3.16 2.69 2.24 1.8 1.41 1.12 1.0 1.12 3.04 2.55 2.06 1.58 1.12 0.71 0.5 0.71 3.0 2.5 2.0 1.5 1.0 0.5 99999 0.5 3.04 2.55 2.06 1.58 1.12 0.71 0.5 0.71 3.16 2.69 2.24 1.8 1.41 1.12 1.0 1.12 
3.38 1.98 2.46 2.51 3.4 1.03 3.72 1.68 3.01 1.27 2.26 4.3 3.91 3.54 3.2 2.92 2.69 2.55 2.5 4.03 3.61 3.2 2.83 2.5 2.24 2.06 2.0 3.81 3.35 2.92 2.5 2.12 1.8 1.58 1.5 3.64 3.16 2.69 2.24 1.8 1.41 1.12 1.0 3.54 3.04 2.55 2.06 1.58 1.12 0.71 0.5 3.5 3.0 2.5 2.0 1.5 1.0 0.5 99999 3.54 3.04 2.55 2.06 1.58 1.12 0.71 0.5 3.64 3.16 2.69 2.24 1.8 1.41 1.12 1.0 
0.64 1.98 1.35 1.25 1.52 2.51 0.75 3.4 2.8 3.82 4.26 3.0 3.04 3.16 3.35 3.61 3.91 4.24 4.61 2.5 2.55 2.69 2.92 3.2 3.54 3.91 4.3 2.0 2.06 2.24 2.5 2.83 3.2 3.61 4.03 1.5 1.58 1.8 2.12 2.5 2.92 3.35 3.81 1.0 1.12 1.41 1.8 2.24 2.69 3.16 3.64 0.5 0.71 1.12 1.58 2.06 2.55 3.04 3.54 99999 0.5 1.0 1.5 2.0 2.5 3.0 3.5 0.5 0.71 1.12 1.58 2.06 2.55 3.04 3.54 
0.73 1.59 0.9 0.9 1.52 2.02 0.9 3.01 2.61 3.34 3.89 3.04 3.0 3.04 3.16 3.35 3.61 3.91 4.24 2.55 2.5 2.55 2.69 2.92 3.2 3.54 3.91 2.06 2.0 2.06 2.24 2.5 2.83 3.2 3.61 1.58 1.5 1.58 1.8 2.12 2.5 2.92 3.35 1.12 1.0 1.12 1.41 1.8 2.24 2.69 3.16 0.71 0.5 0.71 1.12 1.58 2.06 2.55 3.04 0.5 99999 0.5 1.0 1.5 2.0 2.5 3.0 0.71 0.5 0.71 1.12 1.58 2.06 2.55 3.04 
1.08 1.29 0.56 0.75 1.68 1.52 1.25 2.66 2.51 2.85 3.55 3.16 3.04 3.0 3.04 3.16 3.35 3.61 3.91 2.69 2.55 2.5 2.55 2.69 2.92 3.2 3.54 2.24 2.06 2.0 2.06 2.24 2.5 2.83 3.2 1.8 1.58 1.5 1.58 1.8 2.12 2.5 2.92 1.41 1.12 1.0 1.12 1.41 1.8 2.24 2.69 1.12 0.71 0.5 0.71 1.12 1.58 2.06 2.55 1.0 0.5 99999 0.5 1.0 1.5 2.0 2.5 1.12 0.71 0.5 0.71 1.12 1.58 2.06 2.55 
1.51 1.13 0.56 0.9 1.95 1.03 1.68 2.36 2.51 2.37 3.26 3.35 3.16 3.04 3.0 3.04 3.16 3.35 3.61 2.92 2.69 2.55 2.5 2.55 2.69 2.92 3.2 2.5 2.24 2.06 2.0 2.06 2.24 2.5 2.83 2.12 1.8 1.58 1.5 1.58 1.8 2.12 2.5 1.8 1.41 1.12 1.0 1.12 1.41 1.8 2.24 1.58 1.12 0.71 0.5 0.71 1.12 1.58 2.06 1.5 1.0 0.5 99999 0.5 1.0 1.5 2.0 1.58 1.12 0.71 0.5 0.71 1.12 1.58 2.06 
1.98 1.19 0.9 1.25 2.3 0.56 2.14 2.14 2.61 1.9 3.02 3.61 3.35 3.16 3.04 3.0 3.04 3.16 3.35 3.2 2.92 2.69 2.55 2.5 2.55 2.69 2.92 2.83 2.5 2.24 2.06 2.0 2.06 2.24 2.5 2.5 2.12 1.8 1.58 1.5 1.58 1.8 2.12 2.24 1.8 1.41 1.12 1.0 1.12 1.41 1.8 2.06 1.58 1.12 0.71 0.5 0.71 1.12 1.58 2.0 1.5 1.0 0.5 99999 0.5 1.0 1.5 2.06 1.58 1.12 0.71 0.5 0.71 1.12 1.58 
2.46 1.43 1.35 1.68 2.7 0.25 2.61 2.02 2.8 1.46 2.85 3.91 3.61 3.35 3.16 3.04 3.0 3.04 3.16 3.54 3.2 2.92 2.69 2.55 2.5 2.55 2.69 3.2 2.83 2.5 2.24 2.06 2.0 2.06 2.24 2.92 2.5 2.12 1.8 1.58 1.5 1.58 1.8 2.69 2.24 1.8 1.41 1.12 1.0 1.12 1.41 2.55 2.06 1.58 1.12 0.71 0.5 0.71 1.12 2.5 2.0 1.5 1.0 0.5 99999 0.5 1.0 2.55 2.06 1.58 1.12 0.71 0.5 0.71 1.12 
2.94 1.78 1.82 2.14 3.13 0.56 3.09 2.02 3.05 1.06 2.76 4.24 3.91 3.61 3.35 3.16 3.04 3.0 3.04 3.91 3.54 3.2 2.92 2.69 2.55 2.5 2.55 3.61 3.2 2.83 2.5 2.24 2.06 2.0 2.06 3.35 2.92 2.5 2.12 1.8 1.58 1.5 1.58 3.16 2.69 2.24 1.8 1.41 1.12 1.0 1.12 3.04 2.55 2.06 1.58 1.12 0.71 0.5 0.71 3.0 2.5 2.0 1.5 1.0 0.5 99999 0.5 3.04 2.55 2.06 1.58 1.12 0.71 0.5 0.71 
3.43 2.19 2.3 2.61 3.58 1.03 3.58 2.14 3.36 0.79 2.76 4.61 4.24 3.91 3.61 3.35 3.16 3.04 3.0 4.3 3.91 3.54 3.2 2.92 2.69 2.55 2.5 4.03 3.61 3.2 2.83 2.5 2.24 2.06 2.0 3.81 3.35 2.92 2.5 2.12 1.8 1.58 1.5 3.64 3.16 2.69 2.24 1.8 1.41 1.12 1.0 3.54 3.04 2.55 2.06 1.58 1.12 0.71 0.5 3.5 3.0 2.5 2.0 1.5 1.0 0.5 99999 3.54 3.04 2.55 2.06 1.58 1.12 0.71 0.5 
1.13 2.3 1.25 1.6 2.02 2.61 0.25 3.72 3.25 3.76 4.6 3.5 3.54 3.64 3.81 4.03 4.3 4.61 4.95 3.0 3.04 3.16 3.35 3.61 3.91 4.24 4.61 2.5 2.55 2.69 2.92 3.2 3.54 3.91 4.3 2.0 2.06 2.24 2.5 2.83 3.2 3.61 4.03 1.5 1.58 1.8 2.12 2.5 2.92 3.35 3.81 1.0 1.12 1.41 1.8 2.24 2.69 3.16 3.64 0.5 0.71 1.12 1.58 2.06 2.55 3.04 3.54 99999 0.5 1.0 1.5 2.0 2.5 3.0 3.5 
1.19 1.98 0.75 1.35 2.02 2.14 0.56 3.36 3.09 3.26 4.26 3.54 3.5 3.54 3.64 3.81 4.03 4.3 4.61 3.04 3.0 3.04 3.16 3.35 3.61 3.91 4.24 2.55 2.5 2.55 2.69 2.92 3.2 3.54 3.91 2.06 2.0 2.06 2.24 2.5 2.83 3.2 3.61 1.58 1.5 1.58 1.8 2.12 2.5 2.92 3.35 1.12 1.0 1.12 1.41 1.8 2.24 2.69 3.16 0.71 0.5 0.71 1.12 1.58 2.06 2.55 3.04 0.5 99999 0.5 1.0 1.5 2.0 2.5 3.0 
1.43 1.74 0.25 1.25 2.14 1.68 1.03 3.05 3.01 2.76 3.95 3.64 3.54 3.5 3.54 3.64 3.81 4.03 4.3 3.16 3.04 3.0 3.04 3.16 3.35 3.61 3.91 2.69 2.55 2.5 2.55 2.69 2.92 3.2 3.54 2.24 2.06 2.0 2.06 2.24 2.5 2.83 3.2 1.8 1.58 1.5 1.58 1.8 2.12 2.5 2.92 1.41 1.12 1.0 1.12 1.41 1.8 2.24 2.69 1.12 0.71 0.5 0.71 1.12 1.58 2.06 2.55 1.0 0.5 99999 0.5 1.0 1.5 2.0 2.5 
1.78 1.63 0.25 1.35 2.36 1.25 1.52 2.8 3.01 2.26 3.69 3.81 3.64 3.54 3.5 3.54 3.64 3.81 4.03 3.35 3.16 3.04 3.0 3.04 3.16 3.35 3.61 2.92 2.69 2.55 2.5 2.55 2.69 2.92 3.2 2.5 2.24 2.06 2.0 2.06 2.24 2.5 2.83 2.12 1.8 1.58 1.5 1.58 1.8 2.12 2.5 1.8 1.41 1.12 1.0 1.12 1.41 1.8 2.24 1.58 1.12 0.71 0.5 0.71 1.12 1.58 2.06 1.5 1.0 0.5 99999 0.5 1.0 1.5 2.0 
2.19 1.67 0.75 1.6 2.66 0.9 2.02 2.61 3.09 1.77 3.48 4.03 3.81 3.64 3.54 3.5 3.54 3.64 3.81 3.61 3.35 3.16 3.04 3.0 3.04 3.16 3.35 3.2 2.92 2.69 2.55 2.5 2.55 2.69 2.92 2.83 2.5 2.24 2.06 2.0 2.06 2.24 2.5 2.5 2.12 1.8 1.58 1.5 1.58 1.8 2.12 2.24 1.8 1.41 1.12 1.0 1.12 1.41 1.8 2.06 1.58 1.12 0.71 0.5 0.71 1.12 1.58 2.0 1.5 1.0 0.5 99999 0.5 1.0 1.5 
2.63 1.85 1.25 1.95 3.01 0.75 2.51 2.51 3.25 1.27 3.34 4.3 4.03 3.81 3.64 3.54 3.5 3.54 3.64 3.91 3.61 3.35 3.16 3.04 3.0 3.04 3.16 3.54 3.2 2.92 2.69 2.55 2.5 2.55 2.69 3.2 2.83 2.5 2.24 2.06 2.0 2.06 2.24 2.92 2.5 2.12 1.8 1.58 1.5 1.58 1.8 2.69 2.24 1.8 1.41 1.12 1.0 1.12 1.41 2.55 2.06 1.58 1.12 0.71 0.5 0.71 1.12 2.5 2.0 1.5 1.0 0.5 99999 0.5 1.0 
3.09 2.13 1.75 2.36 3.4 0.9 3.01 2.51 3.47 0.79 3.26 4.61 4.3 4.03 3.81 3.64 3.54 3.5 3.54 4.24 3.91 3.61 3.35 3.16 3.04 3.0 3.04 3.91 3.54 3.2 2.92 2.69 2.55 2.5 2.55 3.61 3.2 2.83 2.5 2.24 2.06 2.0 2.06 3.35 2.92 2.5 2.12 1.8 1.58 1.5 1.58 3.16 2.69 2.24 1.8 1.41 1.12 1.0 1.12 3.04 2.55 2.06 1.58 1.12 0.71 0.5 0.71 3.0 2.5 2.0 1.5 1.0 0.5 99999 0.5 
3.56 2.48 2.25 2.8 3.82 1.25 3.51 2.61 3.75 0.35 3.26 4.95 4.61 4.3 4.03 3.81 3.64 3.54 3.5 4.61 4.24 3.91 3.61 3.35 3.16 3.04 3.0 4.3 3.91 3.54 3.2 2.92 2.69 2.55 2.5 4.03 3.61 3.2 2.83 2.5 2.24 2.06 2.0 3.81 3.35 2.92 2.5 2.12 1.8 1.58 1.5 3.64 3.16 2.69 2.24 1.8 1.41 1.12 1.0 3.54 3.04 2.55 2.06 1.58 1.12 0.71 0.5 3.5 3.0 2.5 2.0 1.5 1.0 0.5 99999
