100 3 1 6 81
2 25 1 5
150 20 0 6

0 6 3 4 5 13 14 15 
1 6 8 9 18 19 28 29 
2 6 80 81 82 90 91 92
3 6 60 61 70 71 80 81 
5 9 31 32 33 41 42 43 51 52 53 
5 9 0 1 2 10 11 12 20 21 22 
6 9 3 4 5 13 14 15 23 24 25 
7 9 63 64 65 73 74 75 83 84 85 
8 9 70 71 72 80 81 82 90 91 92 
9 9 57 58 59 67 68 69 77 78 79 
10 4 0 1 10 11 
11 4 1 2 11 12 
12 4 2 3 12 13 
13 4 3 4 13 14 
14 4 4 5 14 15 
15 4 5 6 15 16 
16 4 6 7 16 17 
17 4 7 8 17 18 
18 4 8 9 18 19 
19 4 10 11 20 21 
20 4 11 12 21 22 
21 4 12 13 22 23 
22 4 13 14 23 24 
23 4 14 15 24 25 
24 4 15 16 25 26 
25 4 16 17 26 27 
26 4 17 18 27 28 
27 4 18 19 28 29 
28 4 20 21 30 31 
29 4 21 22 31 32 
30 4 22 23 32 33 
31 4 23 24 33 34 
32 4 24 25 34 35 
33 4 25 26 35 36 
34 4 26 27 36 37 
35 4 27 28 37 38 
36 4 28 29 38 39 
37 4 30 31 40 41 
38 4 31 32 41 42 
39 4 32 33 42 43 
40 4 33 34 43 44 
41 4 34 35 44 45 
42 4 35 36 45 46 
43 4 36 37 46 47 
44 4 37 38 47 48 
45 4 38 39 48 49 
46 4 40 41 50 51 
47 4 41 42 51 52 
48 4 42 43 52 53 
49 4 43 44 53 54 
50 4 44 45 54 55 
51 4 45 46 55 56 
52 4 46 47 56 57 
53 4 47 48 57 58 
54 4 48 49 58 59 
55 4 50 51 60 61 
56 4 51 52 61 62 
57 4 52 53 62 63 
58 4 53 54 63 64 
59 4 54 55 64 65 
60 4 55 56 65 66 
61 4 56 57 66 67 
62 4 57 58 67 68 
63 4 58 59 68 69 
64 4 60 61 70 71 
65 4 61 62 71 72 
66 4 62 63 72 73 
67 4 63 64 73 74 
68 4 64 65 74 75 
69 4 65 66 75 76 
70 4 66 67 76 77 
71 4 67 68 77 78 
72 4 68 69 78 79 
73 4 70 71 80 81 
74 4 71 72 81 82 
75 4 72 73 82 83 
76 4 73 74 83 84 
77 4 74 75 84 85 
78 4 75 76 85 86 
79 4 76 77 86 87 
80 4 77 78 87 88 
81 4 78 79 88 89 
82 4 80 81 90 91 
83 4 81 82 91 92 
84 4 82 83 92 93 
85 4 83 84 93 94 
86 4 84 85 94 95 
87 4 85 86 95 96 
88 4 86 87 96 97 
89 4 87 88 97 98 
90 4 88 89 98 99 

99999 3.16 1 5.1 4.47 7.21 8.06 7 8.54 9.49 3.54 2.55 1.58 0.71 0.71 1.58 2.55 3.54 4.53 3.81 2.92 2.12 1.58 1.58 2.12 2.92 3.81 4.74 4.3 3.54 2.92 2.55 2.55 2.92 3.54 4.3 5.15 4.95 4.3 3.81 3.54 3.54 3.81 4.3 4.95 5.7 5.7 5.15 4.74 4.53 4.53 4.74 5.15 5.7 6.36 6.52 6.04 5.7 5.52 5.52 5.7 6.04 6.52 7.11 7.38 6.96 6.67 6.52 6.52 6.67 6.96 7.38 7.91 8.28 7.91 7.65 7.52 7.52 7.65 7.91 8.28 8.75 9.19 8.86 8.63 8.51 8.51 8.63 8.86 9.19 9.62 
3.16 99999 3 8 3.16 8.6 6.08 6.71 7 8 0.71 0.71 1.58 2.55 3.54 4.53 5.52 6.52 7.52 0.71 0.71 1.58 2.55 3.54 4.53 5.52 6.52 7.52 1.58 1.58 2.12 2.92 3.81 4.74 5.7 6.67 7.65 2.55 2.55 2.92 3.54 4.3 5.15 6.04 6.96 7.91 3.54 3.54 3.81 4.3 4.95 5.7 6.52 7.38 8.28 4.53 4.53 4.74 5.15 5.7 6.36 7.11 7.91 8.75 5.52 5.52 5.7 6.04 6.52 7.11 7.78 8.51 9.3 6.52 6.52 6.67 6.96 7.38 7.91 8.51 9.19 9.92 7.52 7.52 7.65 7.91 8.28 8.75 9.3 9.92 10.61 
1 3 99999 5 3.61 6.4 7.21 6 7.62 8.54 3.54 2.55 1.58 0.71 0.71 1.58 2.55 3.54 4.53 3.54 2.55 1.58 0.71 0.71 1.58 2.55 3.54 4.53 3.81 2.92 2.12 1.58 1.58 2.12 2.92 3.81 4.74 4.3 3.54 2.92 2.55 2.55 2.92 3.54 4.3 5.15 4.95 4.3 3.81 3.54 3.54 3.81 4.3 4.95 5.7 5.7 5.15 4.74 4.53 4.53 4.74 5.15 5.7 6.36 6.52 6.04 5.7 5.52 5.52 5.7 6.04 6.52 7.11 7.38 6.96 6.67 6.52 6.52 6.67 6.96 7.38 7.91 8.28 7.91 7.65 7.52 7.52 7.65 7.91 8.28 8.75 
5.1 8 5 99999 7.62 5.1 10.82 7.81 10.63 11.31 8.51 7.52 6.52 5.52 4.53 3.54 2.55 1.58 0.71 8.51 7.52 6.52 5.52 4.53 3.54 2.55 1.58 0.71 8.63 7.65 6.67 5.7 4.74 3.81 2.92 2.12 1.58 8.86 7.91 6.96 6.04 5.15 4.3 3.54 2.92 2.55 9.19 8.28 7.38 6.52 5.7 4.95 4.3 3.81 3.54 9.62 8.75 7.91 7.11 6.36 5.7 5.15 4.74 4.53 10.12 9.3 8.51 7.78 7.11 6.52 6.04 5.7 5.52 10.7 9.92 9.19 8.51 7.91 7.38 6.96 6.67 6.52 11.34 10.61 9.92 9.3 8.75 8.28 7.91 7.65 7.52 
4.47 3.16 3.61 7.62 99999 6.32 3.61 3.61 4.12 5.1 3.81 3.54 3.54 3.81 4.3 4.95 5.7 6.52 7.38 2.92 2.55 2.55 2.92 3.54 4.3 5.15 6.04 6.96 2.12 1.58 1.58 2.12 2.92 3.81 4.74 5.7 6.67 1.58 0.71 0.71 1.58 2.55 3.54 4.53 5.52 6.52 1.58 0.71 0.71 1.58 2.55 3.54 4.53 5.52 6.52 2.12 1.58 1.58 2.12 2.92 3.81 4.74 5.7 6.67 2.92 2.55 2.55 2.92 3.54 4.3 5.15 6.04 6.96 3.81 3.54 3.54 3.81 4.3 4.95 5.7 6.52 7.38 4.74 4.53 4.53 4.74 5.15 5.7 6.36 7.11 7.91 
7.21 8.6 6.4 5.1 6.32 99999 8.06 4.12 7.28 7.62 9.3 8.51 7.78 7.11 6.52 6.04 5.7 5.52 5.52 8.75 7.91 7.11 6.36 5.7 5.15 4.74 4.53 4.53 8.28 7.38 6.52 5.7 4.95 4.3 3.81 3.54 3.54 7.91 6.96 6.04 5.15 4.3 3.54 2.92 2.55 2.55 7.65 6.67 5.7 4.74 3.81 2.92 2.12 1.58 1.58 7.52 6.52 5.52 4.53 3.54 2.55 1.58 0.71 0.71 7.52 6.52 5.52 4.53 3.54 2.55 1.58 0.71 0.71 7.65 6.67 5.7 4.74 3.81 2.92 2.12 1.58 1.58 7.91 6.96 6.04 5.15 4.3 3.54 2.92 2.55 2.55 
8.06 6.08 7.21 10.82 3.61 8.06 99999 4 1.41 2.24 6.52 6.67 6.96 7.38 7.91 8.51 9.19 9.92 10.7 5.52 5.7 6.04 6.52 7.11 7.78 8.51 9.3 10.12 4.53 4.74 5.15 5.7 6.36 7.11 7.91 8.75 9.62 3.54 3.81 4.3 4.95 5.7 6.52 7.38 8.28 9.19 2.55 2.92 3.54 4.3 5.15 6.04 6.96 7.91 8.86 1.58 2.12 2.92 3.81 4.74 5.7 6.67 7.65 8.63 0.71 1.58 2.55 3.54 4.53 5.52 6.52 7.52 8.51 0.71 1.58 2.55 3.54 4.53 5.52 6.52 7.52 8.51 1.58 2.12 2.92 3.81 4.74 5.7 6.67 7.65 8.63 
7 6.71 6 7.81 3.61 4.12 4 99999 3.16 3.61 7.38 6.96 6.67 6.52 6.52 6.67 6.96 7.38 7.91 6.52 6.04 5.7 5.52 5.52 5.7 6.04 6.52 7.11 5.7 5.15 4.74 4.53 4.53 4.74 5.15 5.7 6.36 4.95 4.3 3.81 3.54 3.54 3.81 4.3 4.95 5.7 4.3 3.54 2.92 2.55 2.55 2.92 3.54 4.3 5.15 3.81 2.92 2.12 1.58 1.58 2.12 2.92 3.81 4.74 3.54 2.55 1.58 0.71 0.71 1.58 2.55 3.54 4.53 3.54 2.55 1.58 0.71 0.71 1.58 2.55 3.54 4.53 3.81 2.92 2.12 1.58 1.58 2.12 2.92 3.81 4.74 
8.54 7 7.62 10.63 4.12 7.28 1.41 3.16 99999 1 7.52 7.52 7.65 7.91 8.28 8.75 9.3 9.92 10.61 6.52 6.52 6.67 6.96 7.38 7.91 8.51 9.19 9.92 5.52 5.52 5.7 6.04 6.52 7.11 7.78 8.51 9.3 4.53 4.53 4.74 5.15 5.7 6.36 7.11 7.91 8.75 3.54 3.54 3.81 4.3 4.95 5.7 6.52 7.38 8.28 2.55 2.55 2.92 3.54 4.3 5.15 6.04 6.96 7.91 1.58 1.58 2.12 2.92 3.81 4.74 5.7 6.67 7.65 0.71 0.71 1.58 2.55 3.54 4.53 5.52 6.52 7.52 0.71 0.71 1.58 2.55 3.54 4.53 5.52 6.52 7.52 
9.49 8 8.54 11.31 5.1 7.62 2.24 3.61 1 99999 8.51 8.51 8.63 8.86 9.19 9.62 10.12 10.7 11.34 7.52 7.52 7.65 7.91 8.28 8.75 9.3 9.92 10.61 6.52 6.52 6.67 6.96 7.38 7.91 8.51 9.19 9.92 5.52 5.52 5.7 6.04 6.52 7.11 7.78 8.51 9.3 4.53 4.53 4.74 5.15 5.7 6.36 7.11 7.91 8.75 3.54 3.54 3.81 4.3 4.95 5.7 6.52 7.38 8.28 2.55 2.55 2.92 3.54 4.3 5.15 6.04 6.96 7.91 1.58 1.58 2.12 2.92 3.81 4.74 5.7 6.67 7.65 0.71 0.71 1.58 2.55 3.54 4.53 5.52 6.52 7.52 
3.54 0.71 3.54 8.51 3.81 9.3 6.52 7.38 7.52 8.51 99999 1 2 3 4 5 6 7 8 1 1.41 2.24 3.16 4.12 5.1 6.08 7.07 8.06 2 2.24 2.83 3.61 4.47 5.39 6.32 7.28 8.25 3 3.16 3.61 4.24 5 5.83 6.71 7.62 8.54 4 4.12 4.47 5 5.66 6.4 7.21 8.06 8.94 5 5.1 5.39 5.83 6.4 7.07 7.81 8.6 9.43 6 6.08 6.32 6.71 7.21 7.81 8.49 9.22 10 7 7.07 7.28 7.62 8.06 8.6 9.22 9.9 10.63 8 8.06 8.25 8.54 8.94 9.43 10 10.63 11.31 
2.55 0.71 2.55 7.52 3.54 8.51 6.67 6.96 7.52 8.51 1 99999 1 2 3 4 5 6 7 1.41 1 1.41 2.24 3.16 4.12 5.1 6.08 7.07 2.24 2 2.24 2.83 3.61 4.47 5.39 6.32 7.28 3.16 3 3.16 3.61 4.24 5 5.83 6.71 7.62 4.12 4 4.12 4.47 5 5.66 6.4 7.21 8.06 5.1 5 5.1 5.39 5.83 6.4 7.07 7.81 8.6 6.08 6 6.08 6.32 6.71 7.21 7.81 8.49 9.22 7.07 7 7.07 7.28 7.62 8.06 8.6 9.22 9.9 8.06 8 8.06 8.25 8.54 8.94 9.43 10 10.63 
1.58 1.58 1.58 6.52 3.54 7.78 6.96 6.67 7.65 8.63 2 1 99999 1 2 3 4 5 6 2.24 1.41 1 1.41 2.24 3.16 4.12 5.1 6.08 2.83 2.24 2 2.24 2.83 3.61 4.47 5.39 6.32 3.61 3.16 3 3.16 3.61 4.24 5 5.83 6.71 4.47 4.12 4 4.12 4.47 5 5.66 6.4 7.21 5.39 5.1 5 5.1 5.39 5.83 6.4 7.07 7.81 6.32 6.08 6 6.08 6.32 6.71 7.21 7.81 8.49 7.28 7.07 7 7.07 7.28 7.62 8.06 8.6 9.22 8.25 8.06 8 8.06 8.25 8.54 8.94 9.43 10 
0.71 2.55 0.71 5.52 3.81 7.11 7.38 6.52 7.91 8.86 3 2 1 99999 1 2 3 4 5 3.16 2.24 1.41 1 1.41 2.24 3.16 4.12 5.1 3.61 2.83 2.24 2 2.24 2.83 3.61 4.47 5.39 4.24 3.61 3.16 3 3.16 3.61 4.24 5 5.83 5 4.47 4.12 4 4.12 4.47 5 5.66 6.4 5.83 5.39 5.1 5 5.1 5.39 5.83 6.4 7.07 6.71 6.32 6.08 6 6.08 6.32 6.71 7.21 7.81 7.62 7.28 7.07 7 7.07 7.28 7.62 8.06 8.6 8.54 8.25 8.06 8 8.06 8.25 8.54 8.94 9.43 
0.71 3.54 0.71 4.53 4.3 6.52 7.91 6.52 8.28 9.19 4 3 2 1 99999 1 2 3 4 4.12 3.16 2.24 1.41 1 1.41 2.24 3.16 4.12 4.47 3.61 2.83 2.24 2 2.24 2.83 3.61 4.47 5 4.24 3.61 3.16 3 3.16 3.61 4.24 5 5.66 5 4.47 4.12 4 4.12 4.47 5 5.66 6.4 5.83 5.39 5.1 5 5.1 5.39 5.83 6.4 7.21 6.71 6.32 6.08 6 6.08 6.32 6.71 7.21 8.06 7.62 7.28 7.07 7 7.07 7.28 7.62 8.06 8.94 8.54 8.25 8.06 8 8.06 8.25 8.54 8.94 
1.58 4.53 1.58 3.54 4.95 6.04 8.51 6.67 8.75 9.62 5 4 3 2 1 99999 1 2 3 5.1 4.12 3.16 2.24 1.41 1 1.41 2.24 3.16 5.39 4.47 3.61 2.83 2.24 2 2.24 2.83 3.61 5.83 5 4.24 3.61 3.16 3 3.16 3.61 4.24 6.4 5.66 5 4.47 4.12 4 4.12 4.47 5 7.07 6.4 5.83 5.39 5.1 5 5.1 5.39 5.83 7.81 7.21 6.71 6.32 6.08 6 6.08 6.32 6.71 8.6 8.06 7.62 7.28 7.07 7 7.07 7.28 7.62 9.43 8.94 8.54 8.25 8.06 8 8.06 8.25 8.54 
2.55 5.52 2.55 2.55 5.7 5.7 9.19 6.96 9.3 10.12 6 5 4 3 2 1 99999 1 2 6.08 5.1 4.12 3.16 2.24 1.41 1 1.41 2.24 6.32 5.39 4.47 3.61 2.83 2.24 2 2.24 2.83 6.71 5.83 5 4.24 3.61 3.16 3 3.16 3.61 7.21 6.4 5.66 5 4.47 4.12 4 4.12 4.47 7.81 7.07 6.4 5.83 5.39 5.1 5 5.1 5.39 8.49 7.81 7.21 6.71 6.32 6.08 6 6.08 6.32 9.22 8.6 8.06 7.62 7.28 7.07 7 7.07 7.28 10 9.43 8.94 8.54 8.25 8.06 8 8.06 8.25 
3.54 6.52 3.54 1.58 6.52 5.52 9.92 7.38 9.92 10.7 7 6 5 4 3 2 1 99999 1 7.07 6.08 5.1 4.12 3.16 2.24 1.41 1 1.41 7.28 6.32 5.39 4.47 3.61 2.83 2.24 2 2.24 7.62 6.71 5.83 5 4.24 3.61 3.16 3 3.16 8.06 7.21 6.4 5.66 5 4.47 4.12 4 4.12 8.6 7.81 7.07 6.4 5.83 5.39 5.1 5 5.1 9.22 8.49 7.81 7.21 6.71 6.32 6.08 6 6.08 9.9 9.22 8.6 8.06 7.62 7.28 7.07 7 7.07 10.63 10 9.43 8.94 8.54 8.25 8.06 8 8.06 
4.53 7.52 4.53 0.71 7.38 5.52 10.7 7.91 10.61 11.34 8 7 6 5 4 3 2 1 99999 8.06 7.07 6.08 5.1 4.12 3.16 2.24 1.41 1 8.25 7.28 6.32 5.39 4.47 3.61 2.83 2.24 2 8.54 7.62 6.71 5.83 5 4.24 3.61 3.16 3 8.94 8.06 7.21 6.4 5.66 5 4.47 4.12 4 9.43 8.6 7.81 7.07 6.4 5.83 5.39 5.1 5 10 9.22 8.49 7.81 7.21 6.71 6.32 6.08 6 10.63 9.9 9.22 8.6 8.06 7.62 7.28 7.07 7 11.31 10.63 10 9.43 8.94 8.54 8.25 8.06 8 
3.81 0.71 3.54 8.51 2.92 8.75 5.52 6.52 6.52 7.52 1 1.41 2.24 3.16 4.12 5.1 6.08 7.07 8.06 99999 1 2 3 4 5 6 7 8 1 1.41 2.24 3.16 4.12 5.1 6.08 7.07 8.06 2 2.24 2.83 3.61 4.47 5.39 6.32 7.28 8.25 3 3.16 3.61 4.24 5 5.83 6.71 7.62 8.54 4 4.12 4.47 5 5.66 6.4 7.21 8.06 8.94 5 5.1 5.39 5.83 6.4 7.07 7.81 8.6 9.43 6 6.08 6.32 6.71 7.21 7.81 8.49 9.22 10 7 7.07 7.28 7.62 8.06 8.6 9.22 9.9 10.63 
2.92 0.71 2.55 7.52 2.55 7.91 5.7 6.04 6.52 7.52 1.41 1 1.41 2.24 3.16 4.12 5.1 6.08 7.07 1 99999 1 2 3 4 5 6 7 1.41 1 1.41 2.24 3.16 4.12 5.1 6.08 7.07 2.24 2 2.24 2.83 3.61 4.47 5.39 6.32 7.28 3.16 3 3.16 3.61 4.24 5 5.83 6.71 7.62 4.12 4 4.12 4.47 5 5.66 6.4 7.21 8.06 5.1 5 5.1 5.39 5.83 6.4 7.07 7.81 8.6 6.08 6 6.08 6.32 6.71 7.21 7.81 8.49 9.22 7.07 7 7.07 7.28 7.62 8.06 8.6 9.22 9.9 
2.12 1.58 1.58 6.52 2.55 7.11 6.04 5.7 6.67 7.65 2.24 1.41 1 1.41 2.24 3.16 4.12 5.1 6.08 2 1 99999 1 2 3 4 5 6 2.24 1.41 1 1.41 2.24 3.16 4.12 5.1 6.08 2.83 2.24 2 2.24 2.83 3.61 4.47 5.39 6.32 3.61 3.16 3 3.16 3.61 4.24 5 5.83 6.71 4.47 4.12 4 4.12 4.47 5 5.66 6.4 7.21 5.39 5.1 5 5.1 5.39 5.83 6.4 7.07 7.81 6.32 6.08 6 6.08 6.32 6.71 7.21 7.81 8.49 7.28 7.07 7 7.07 7.28 7.62 8.06 8.6 9.22 
1.58 2.55 0.71 5.52 2.92 6.36 6.52 5.52 6.96 7.91 3.16 2.24 1.41 1 1.41 2.24 3.16 4.12 5.1 3 2 1 99999 1 2 3 4 5 3.16 2.24 1.41 1 1.41 2.24 3.16 4.12 5.1 3.61 2.83 2.24 2 2.24 2.83 3.61 4.47 5.39 4.24 3.61 3.16 3 3.16 3.61 4.24 5 5.83 5 4.47 4.12 4 4.12 4.47 5 5.66 6.4 5.83 5.39 5.1 5 5.1 5.39 5.83 6.4 7.07 6.71 6.32 6.08 6 6.08 6.32 6.71 7.21 7.81 7.62 7.28 7.07 7 7.07 7.28 7.62 8.06 8.6 
1.58 3.54 0.71 4.53 3.54 5.7 7.11 5.52 7.38 8.28 4.12 3.16 2.24 1.41 1 1.41 2.24 3.16 4.12 4 3 2 1 99999 1 2 3 4 4.12 3.16 2.24 1.41 1 1.41 2.24 3.16 4.12 4.47 3.61 2.83 2.24 2 2.24 2.83 3.61 4.47 5 4.24 3.61 3.16 3 3.16 3.61 4.24 5 5.66 5 4.47 4.12 4 4.12 4.47 5 5.66 6.4 5.83 5.39 5.1 5 5.1 5.39 5.83 6.4 7.21 6.71 6.32 6.08 6 6.08 6.32 6.71 7.21 8.06 7.62 7.28 7.07 7 7.07 7.28 7.62 8.06 
2.12 4.53 1.58 3.54 4.3 5.15 7.78 5.7 7.91 8.75 5.1 4.12 3.16 2.24 1.41 1 1.41 2.24 3.16 5 4 3 2 1 99999 1 2 3 5.1 4.12 3.16 2.24 1.41 1 1.41 2.24 3.16 5.39 4.47 3.61 2.83 2.24 2 2.24 2.83 3.61 5.83 5 4.24 3.61 3.16 3 3.16 3.61 4.24 6.4 5.66 5 4.47 4.12 4 4.12 4.47 5 7.07 6.4 5.83 5.39 5.1 5 5.1 5.39 5.83 7.81 7.21 6.71 6.32 6.08 6 6.08 6.32 6.71 8.6 8.06 7.62 7.28 7.07 7 7.07 7.28 7.62 
2.92 5.52 2.55 2.55 5.15 4.74 8.51 6.04 8.51 9.3 6.08 5.1 4.12 3.16 2.24 1.41 1 1.41 2.24 6 5 4 3 2 1 99999 1 2 6.08 5.1 4.12 3.16 2.24 1.41 1 1.41 2.24 6.32 5.39 4.47 3.61 2.83 2.24 2 2.24 2.83 6.71 5.83 5 4.24 3.61 3.16 3 3.16 3.61 7.21 6.4 5.66 5 4.47 4.12 4 4.12 4.47 7.81 7.07 6.4 5.83 5.39 5.1 5 5.1 5.39 8.49 7.81 7.21 6.71 6.32 6.08 6 6.08 6.32 9.22 8.6 8.06 7.62 7.28 7.07 7 7.07 7.28 
3.81 6.52 3.54 1.58 6.04 4.53 9.3 6.52 9.19 9.92 7.07 6.08 5.1 4.12 3.16 2.24 1.41 1 1.41 7 6 5 4 3 2 1 99999 1 7.07 6.08 5.1 4.12 3.16 2.24 1.41 1 1.41 7.28 6.32 5.39 4.47 3.61 2.83 2.24 2 2.24 7.62 6.71 5.83 5 4.24 3.61 3.16 3 3.16 8.06 7.21 6.4 5.66 5 4.47 4.12 4 4.12 8.6 7.81 7.07 6.4 5.83 5.39 5.1 5 5.1 9.22 8.49 7.81 7.21 6.71 6.32 6.08 6 6.08 9.9 9.22 8.6 8.06 7.62 7.28 7.07 7 7.07 
4.74 7.52 4.53 0.71 6.96 4.53 10.12 7.11 9.92 10.61 8.06 7.07 6.08 5.1 4.12 3.16 2.24 1.41 1 8 7 6 5 4 3 2 1 99999 8.06 7.07 6.08 5.1 4.12 3.16 2.24 1.41 1 8.25 7.28 6.32 5.39 4.47 3.61 2.83 2.24 2 8.54 7.62 6.71 5.83 5 4.24 3.61 3.16 3 8.94 8.06 7.21 6.4 5.66 5 4.47 4.12 4 9.43 8.6 7.81 7.07 6.4 5.83 5.39 5.1 5 10 9.22 8.49 7.81 7.21 6.71 6.32 6.08 6 10.63 9.9 9.22 8.6 8.06 7.62 7.28 7.07 7 
4.3 1.58 3.81 8.63 2.12 8.28 4.53 5.7 5.52 6.52 2 2.24 2.83 3.61 4.47 5.39 6.32 7.28 8.25 1 1.41 2.24 3.16 4.12 5.1 6.08 7.07 8.06 99999 1 2 3 4 5 6 7 8 1 1.41 2.24 3.16 4.12 5.1 6.08 7.07 8.06 2 2.24 2.83 3.61 4.47 5.39 6.32 7.28 8.25 3 3.16 3.61 4.24 5 5.83 6.71 7.62 8.54 4 4.12 4.47 5 5.66 6.4 7.21 8.06 8.94 5 5.1 5.39 5.83 6.4 7.07 7.81 8.6 9.43 6 6.08 6.32 6.71 7.21 7.81 8.49 9.22 10 
3.54 1.58 2.92 7.65 1.58 7.38 4.74 5.15 5.52 6.52 2.24 2 2.24 2.83 3.61 4.47 5.39 6.32 7.28 1.41 1 1.41 2.24 3.16 4.12 5.1 6.08 7.07 1 99999 1 2 3 4 5 6 7 1.41 1 1.41 2.24 3.16 4.12 5.1 6.08 7.07 2.24 2 2.24 2.83 3.61 4.47 5.39 6.32 7.28 3.16 3 3.16 3.61 4.24 5 5.83 6.71 7.62 4.12 4 4.12 4.47 5 5.66 6.4 7.21 8.06 5.1 5 5.1 5.39 5.83 6.4 7.07 7.81 8.6 6.08 6 6.08 6.32 6.71 7.21 7.81 8.49 9.22 
2.92 2.12 2.12 6.67 1.58 6.52 5.15 4.74 5.7 6.67 2.83 2.24 2 2.24 2.83 3.61 4.47 5.39 6.32 2.24 1.41 1 1.41 2.24 3.16 4.12 5.1 6.08 2 1 99999 1 2 3 4 5 6 2.24 1.41 1 1.41 2.24 3.16 4.12 5.1 6.08 2.83 2.24 2 2.24 2.83 3.61 4.47 5.39 6.32 3.61 3.16 3 3.16 3.61 4.24 5 5.83 6.71 4.47 4.12 4 4.12 4.47 5 5.66 6.4 7.21 5.39 5.1 5 5.1 5.39 5.83 6.4 7.07 7.81 6.32 6.08 6 6.08 6.32 6.71 7.21 7.81 8.49 
2.55 2.92 1.58 5.7 2.12 5.7 5.7 4.53 6.04 6.96 3.61 2.83 2.24 2 2.24 2.83 3.61 4.47 5.39 3.16 2.24 1.41 1 1.41 2.24 3.16 4.12 5.1 3 2 1 99999 1 2 3 4 5 3.16 2.24 1.41 1 1.41 2.24 3.16 4.12 5.1 3.61 2.83 2.24 2 2.24 2.83 3.61 4.47 5.39 4.24 3.61 3.16 3 3.16 3.61 4.24 5 5.83 5 4.47 4.12 4 4.12 4.47 5 5.66 6.4 5.83 5.39 5.1 5 5.1 5.39 5.83 6.4 7.07 6.71 6.32 6.08 6 6.08 6.32 6.71 7.21 7.81 
2.55 3.81 1.58 4.74 2.92 4.95 6.36 4.53 6.52 7.38 4.47 3.61 2.83 2.24 2 2.24 2.83 3.61 4.47 4.12 3.16 2.24 1.41 1 1.41 2.24 3.16 4.12 4 3 2 1 99999 1 2 3 4 4.12 3.16 2.24 1.41 1 1.41 2.24 3.16 4.12 4.47 3.61 2.83 2.24 2 2.24 2.83 3.61 4.47 5 4.24 3.61 3.16 3 3.16 3.61 4.24 5 5.66 5 4.47 4.12 4 4.12 4.47 5 5.66 6.4 5.83 5.39 5.1 5 5.1 5.39 5.83 6.4 7.21 6.71 6.32 6.08 6 6.08 6.32 6.71 7.21 
2.92 4.74 2.12 3.81 3.81 4.3 7.11 4.74 7.11 7.91 5.39 4.47 3.61 2.83 2.24 2 2.24 2.83 3.61 5.1 4.12 3.16 2.24 1.41 1 1.41 2.24 3.16 5 4 3 2 1 99999 1 2 3 5.1 4.12 3.16 2.24 1.41 1 1.41 2.24 3.16 5.39 4.47 3.61 2.83 2.24 2 2.24 2.83 3.61 5.83 5 4.24 3.61 3.16 3 3.16 3.61 4.24 6.4 5.66 5 4.47 4.12 4 4.12 4.47 5 7.07 6.4 5.83 5.39 5.1 5 5.1 5.39 5.83 7.81 7.21 6.71 6.32 6.08 6 6.08 6.32 6.71 
3.54 5.7 2.92 2.92 4.74 3.81 7.91 5.15 7.78 8.51 6.32 5.39 4.47 3.61 2.83 2.24 2 2.24 2.83 6.08 5.1 4.12 3.16 2.24 1.41 1 1.41 2.24 6 5 4 3 2 1 99999 1 2 6.08 5.1 4.12 3.16 2.24 1.41 1 1.41 2.24 6.32 5.39 4.47 3.61 2.83 2.24 2 2.24 2.83 6.71 5.83 5 4.24 3.61 3.16 3 3.16 3.61 7.21 6.4 5.66 5 4.47 4.12 4 4.12 4.47 7.81 7.07 6.4 5.83 5.39 5.1 5 5.1 5.39 8.49 7.81 7.21 6.71 6.32 6.08 6 6.08 6.32 
4.3 6.67 3.81 2.12 5.7 3.54 8.75 5.7 8.51 9.19 7.28 6.32 5.39 4.47 3.61 2.83 2.24 2 2.24 7.07 6.08 5.1 4.12 3.16 2.24 1.41 1 1.41 7 6 5 4 3 2 1 99999 1 7.07 6.08 5.1 4.12 3.16 2.24 1.41 1 1.41 7.28 6.32 5.39 4.47 3.61 2.83 2.24 2 2.24 7.62 6.71 5.83 5 4.24 3.61 3.16 3 3.16 8.06 7.21 6.4 5.66 5 4.47 4.12 4 4.12 8.6 7.81 7.07 6.4 5.83 5.39 5.1 5 5.1 9.22 8.49 7.81 7.21 6.71 6.32 6.08 6 6.08 
5.15 7.65 4.74 1.58 6.67 3.54 9.62 6.36 9.3 9.92 8.25 7.28 6.32 5.39 4.47 3.61 2.83 2.24 2 8.06 7.07 6.08 5.1 4.12 3.16 2.24 1.41 1 8 7 6 5 4 3 2 1 99999 8.06 7.07 6.08 5.1 4.12 3.16 2.24 1.41 1 8.25 7.28 6.32 5.39 4.47 3.61 2.83 2.24 2 8.54 7.62 6.71 5.83 5 4.24 3.61 3.16 3 8.94 8.06 7.21 6.4 5.66 5 4.47 4.12 4 9.43 8.6 7.81 7.07 6.4 5.83 5.39 5.1 5 10 9.22 8.49 7.81 7.21 6.71 6.32 6.08 6 
4.95 2.55 4.3 8.86 1.58 7.91 3.54 4.95 4.53 5.52 3 3.16 3.61 4.24 5 5.83 6.71 7.62 8.54 2 2.24 2.83 3.61 4.47 5.39 6.32 7.28 8.25 1 1.41 2.24 3.16 4.12 5.1 6.08 7.07 8.06 99999 1 2 3 4 5 6 7 8 1 1.41 2.24 3.16 4.12 5.1 6.08 7.07 8.06 2 2.24 2.83 3.61 4.47 5.39 6.32 7.28 8.25 3 3.16 3.61 4.24 5 5.83 6.71 7.62 8.54 4 4.12 4.47 5 5.66 6.4 7.21 8.06 8.94 5 5.1 5.39 5.83 6.4 7.07 7.81 8.6 9.43 
4.3 2.55 3.54 7.91 0.71 6.96 3.81 4.3 4.53 5.52 3.16 3 3.16 3.61 4.24 5 5.83 6.71 7.62 2.24 2 2.24 2.83 3.61 4.47 5.39 6.32 7.28 1.41 1 1.41 2.24 3.16 4.12 5.1 6.08 7.07 1 99999 1 2 3 4 5 6 7 1.41 1 1.41 2.24 3.16 4.12 5.1 6.08 7.07 2.24 2 2.24 2.83 3.61 4.47 5.39 6.32 7.28 3.16 3 3.16 3.61 4.24 5 5.83 6.71 7.62 4.12 4 4.12 4.47 5 5.66 6.4 7.21 8.06 5.1 5 5.1 5.39 5.83 6.4 7.07 7.81 8.6 
3.81 2.92 2.92 6.96 0.71 6.04 4.3 3.81 4.74 5.7 3.61 3.16 3 3.16 3.61 4.24 5 5.83 6.71 2.83 2.24 2 2.24 2.83 3.61 4.47 5.39 6.32 2.24 1.41 1 1.41 2.24 3.16 4.12 5.1 6.08 2 1 99999 1 2 3 4 5 6 2.24 1.41 1 1.41 2.24 3.16 4.12 5.1 6.08 2.83 2.24 2 2.24 2.83 3.61 4.47 5.39 6.32 3.61 3.16 3 3.16 3.61 4.24 5 5.83 6.71 4.47 4.12 4 4.12 4.47 5 5.66 6.4 7.21 5.39 5.1 5 5.1 5.39 5.83 6.4 7.07 7.81 
3.54 3.54 2.55 6.04 1.58 5.15 4.95 3.54 5.15 6.04 4.24 3.61 3.16 3 3.16 3.61 4.24 5 5.83 3.61 2.83 2.24 2 2.24 2.83 3.61 4.47 5.39 3.16 2.24 1.41 1 1.41 2.24 3.16 4.12 5.1 3 2 1 99999 1 2 3 4 5 3.16 2.24 1.41 1 1.41 2.24 3.16 4.12 5.1 3.61 2.83 2.24 2 2.24 2.83 3.61 4.47 5.39 4.24 3.61 3.16 3 3.16 3.61 4.24 5 5.83 5 4.47 4.12 4 4.12 4.47 5 5.66 6.4 5.83 5.39 5.1 5 5.1 5.39 5.83 6.4 7.07 
3.54 4.3 2.55 5.15 2.55 4.3 5.7 3.54 5.7 6.52 5 4.24 3.61 3.16 3 3.16 3.61 4.24 5 4.47 3.61 2.83 2.24 2 2.24 2.83 3.61 4.47 4.12 3.16 2.24 1.41 1 1.41 2.24 3.16 4.12 4 3 2 1 99999 1 2 3 4 4.12 3.16 2.24 1.41 1 1.41 2.24 3.16 4.12 4.47 3.61 2.83 2.24 2 2.24 2.83 3.61 4.47 5 4.24 3.61 3.16 3 3.16 3.61 4.24 5 5.66 5 4.47 4.12 4 4.12 4.47 5 5.66 6.4 5.83 5.39 5.1 5 5.1 5.39 5.83 6.4 
3.81 5.15 2.92 4.3 3.54 3.54 6.52 3.81 6.36 7.11 5.83 5 4.24 3.61 3.16 3 3.16 3.61 4.24 5.39 4.47 3.61 2.83 2.24 2 2.24 2.83 3.61 5.1 4.12 3.16 2.24 1.41 1 1.41 2.24 3.16 5 4 3 2 1 99999 1 2 3 5.1 4.12 3.16 2.24 1.41 1 1.41 2.24 3.16 5.39 4.47 3.61 2.83 2.24 2 2.24 2.83 3.61 5.83 5 4.24 3.61 3.16 3 3.16 3.61 4.24 6.4 5.66 5 4.47 4.12 4 4.12 4.47 5 7.07 6.4 5.83 5.39 5.1 5 5.1 5.39 5.83 
4.3 6.04 3.54 3.54 4.53 2.92 7.38 4.3 7.11 7.78 6.71 5.83 5 4.24 3.61 3.16 3 3.16 3.61 6.32 5.39 4.47 3.61 2.83 2.24 2 2.24 2.83 6.08 5.1 4.12 3.16 2.24 1.41 1 1.41 2.24 6 5 4 3 2 1 99999 1 2 6.08 5.1 4.12 3.16 2.24 1.41 1 1.41 2.24 6.32 5.39 4.47 3.61 2.83 2.24 2 2.24 2.83 6.71 5.83 5 4.24 3.61 3.16 3 3.16 3.61 7.21 6.4 5.66 5 4.47 4.12 4 4.12 4.47 7.81 7.07 6.4 5.83 5.39 5.1 5 5.1 5.39 
4.95 6.96 4.3 2.92 5.52 2.55 8.28 4.95 7.91 8.51 7.62 6.71 5.83 5 4.24 3.61 3.16 3 3.16 7.28 6.32 5.39 4.47 3.61 2.83 2.24 2 2.24 7.07 6.08 5.1 4.12 3.16 2.24 1.41 1 1.41 7 6 5 4 3 2 1 99999 1 7.07 6.08 5.1 4.12 3.16 2.24 1.41 1 1.41 7.28 6.32 5.39 4.47 3.61 2.83 2.24 2 2.24 7.62 6.71 5.83 5 4.24 3.61 3.16 3 3.16 8.06 7.21 6.4 5.66 5 4.47 4.12 4 4.12 8.6 7.81 7.07 6.4 5.83 5.39 5.1 5 5.1 
5.7 7.91 5.15 2.55 6.52 2.55 9.19 5.7 8.75 9.3 8.54 7.62 6.71 5.83 5 4.24 3.61 3.16 3 8.25 7.28 6.32 5.39 4.47 3.61 2.83 2.24 2 8.06 7.07 6.08 5.1 4.12 3.16 2.24 1.41 1 8 7 6 5 4 3 2 1 99999 8.06 7.07 6.08 5.1 4.12 3.16 2.24 1.41 1 8.25 7.28 6.32 5.39 4.47 3.61 2.83 2.24 2 8.54 7.62 6.71 5.83 5 4.24 3.61 3.16 3 8.94 8.06 7.21 6.4 5.66 5 4.47 4.12 4 9.43 8.6 7.81 7.07 6.4 5.83 5.39 5.1 5 
5.7 3.54 4.95 9.19 1.58 7.65 2.55 4.3 3.54 4.53 4 4.12 4.47 5 5.66 6.4 7.21 8.06 8.94 3 3.16 3.61 4.24 5 5.83 6.71 7.62 8.54 2 2.24 2.83 3.61 4.47 5.39 6.32 7.28 8.25 1 1.41 2.24 3.16 4.12 5.1 6.08 7.07 8.06 99999 1 2 3 4 5 6 7 8 1 1.41 2.24 3.16 4.12 5.1 6.08 7.07 8.06 2 2.24 2.83 3.61 4.47 5.39 6.32 7.28 8.25 3 3.16 3.61 4.24 5 5.83 6.71 7.62 8.54 4 4.12 4.47 5 5.66 6.4 7.21 8.06 8.94 
5.15 3.54 4.3 8.28 0.71 6.67 2.92 3.54 3.54 4.53 4.12 4 4.12 4.47 5 5.66 6.4 7.21 8.06 3.16 3 3.16 3.61 4.24 5 5.83 6.71 7.62 2.24 2 2.24 2.83 3.61 4.47 5.39 6.32 7.28 1.41 1 1.41 2.24 3.16 4.12 5.1 6.08 7.07 1 99999 1 2 3 4 5 6 7 1.41 1 1.41 2.24 3.16 4.12 5.1 6.08 7.07 2.24 2 2.24 2.83 3.61 4.47 5.39 6.32 7.28 3.16 3 3.16 3.61 4.24 5 5.83 6.71 7.62 4.12 4 4.12 4.47 5 5.66 6.4 7.21 8.06 
4.74 3.81 3.81 7.38 0.71 5.7 3.54 2.92 3.81 4.74 4.47 4.12 4 4.12 4.47 5 5.66 6.4 7.21 3.61 3.16 3 3.16 3.61 4.24 5 5.83 6.71 2.83 2.24 2 2.24 2.83 3.61 4.47 5.39 6.32 2.24 1.41 1 1.41 2.24 3.16 4.12 5.1 6.08 2 1 99999 1 2 3 4 5 6 2.24 1.41 1 1.41 2.24 3.16 4.12 5.1 6.08 2.83 2.24 2 2.24 2.83 3.61 4.47 5.39 6.32 3.61 3.16 3 3.16 3.61 4.24 5 5.83 6.71 4.47 4.12 4 4.12 4.47 5 5.66 6.4 7.21 
4.53 4.3 3.54 6.52 1.58 4.74 4.3 2.55 4.3 5.15 5 4.47 4.12 4 4.12 4.47 5 5.66 6.4 4.24 3.61 3.16 3 3.16 3.61 4.24 5 5.83 3.61 2.83 2.24 2 2.24 2.83 3.61 4.47 5.39 3.16 2.24 1.41 1 1.41 2.24 3.16 4.12 5.1 3 2 1 99999 1 2 3 4 5 3.16 2.24 1.41 1 1.41 2.24 3.16 4.12 5.1 3.61 2.83 2.24 2 2.24 2.83 3.61 4.47 5.39 4.24 3.61 3.16 3 3.16 3.61 4.24 5 5.83 5 4.47 4.12 4 4.12 4.47 5 5.66 6.4 
4.53 4.95 3.54 5.7 2.55 3.81 5.15 2.55 4.95 5.7 5.66 5 4.47 4.12 4 4.12 4.47 5 5.66 5 4.24 3.61 3.16 3 3.16 3.61 4.24 5 4.47 3.61 2.83 2.24 2 2.24 2.83 3.61 4.47 4.12 3.16 2.24 1.41 1 1.41 2.24 3.16 4.12 4 3 2 1 99999 1 2 3 4 4.12 3.16 2.24 1.41 1 1.41 2.24 3.16 4.12 4.47 3.61 2.83 2.24 2 2.24 2.83 3.61 4.47 5 4.24 3.61 3.16 3 3.16 3.61 4.24 5 5.66 5 4.47 4.12 4 4.12 4.47 5 5.66 
4.74 5.7 3.81 4.95 3.54 2.92 6.04 2.92 5.7 6.36 6.4 5.66 5 4.47 4.12 4 4.12 4.47 5 5.83 5 4.24 3.61 3.16 3 3.16 3.61 4.24 5.39 4.47 3.61 2.83 2.24 2 2.24 2.83 3.61 5.1 4.12 3.16 2.24 1.41 1 1.41 2.24 3.16 5 4 3 2 1 99999 1 2 3 5.1 4.12 3.16 2.24 1.41 1 1.41 2.24 3.16 5.39 4.47 3.61 2.83 2.24 2 2.24 2.83 3.61 5.83 5 4.24 3.61 3.16 3 3.16 3.61 4.24 6.4 5.66 5 4.47 4.12 4 4.12 4.47 5 
5.15 6.52 4.3 4.3 4.53 2.12 6.96 3.54 6.52 7.11 7.21 6.4 5.66 5 4.47 4.12 4 4.12 4.47 6.71 5.83 5 4.24 3.61 3.16 3 3.16 3.61 6.32 5.39 4.47 3.61 2.83 2.24 2 2.24 2.83 6.08 5.1 4.12 3.16 2.24 1.41 1 1.41 2.24 6 5 4 3 2 1 99999 1 2 6.08 5.1 4.12 3.16 2.24 1.41 1 1.41 2.24 6.32 5.39 4.47 3.61 2.83 2.24 2 2.24 2.83 6.71 5.83 5 4.24 3.61 3.16 3 3.16 3.61 7.21 6.4 5.66 5 4.47 4.12 4 4.12 4.47 
5.7 7.38 4.95 3.81 5.52 1.58 7.91 4.3 7.38 7.91 8.06 7.21 6.4 5.66 5 4.47 4.12 4 4.12 7.62 6.71 5.83 5 4.24 3.61 3.16 3 3.16 7.28 6.32 5.39 4.47 3.61 2.83 2.24 2 2.24 7.07 6.08 5.1 4.12 3.16 2.24 1.41 1 1.41 7 6 5 4 3 2 1 99999 1 7.07 6.08 5.1 4.12 3.16 2.24 1.41 1 1.41 7.28 6.32 5.39 4.47 3.61 2.83 2.24 2 2.24 7.62 6.71 5.83 5 4.24 3.61 3.16 3 3.16 8.06 7.21 6.4 5.66 5 4.47 4.12 4 4.12 
6.36 8.28 5.7 3.54 6.52 1.58 8.86 5.15 8.28 8.75 8.94 8.06 7.21 6.4 5.66 5 4.47 4.12 4 8.54 7.62 6.71 5.83 5 4.24 3.61 3.16 3 8.25 7.28 6.32 5.39 4.47 3.61 2.83 2.24 2 8.06 7.07 6.08 5.1 4.12 3.16 2.24 1.41 1 8 7 6 5 4 3 2 1 99999 8.06 7.07 6.08 5.1 4.12 3.16 2.24 1.41 1 8.25 7.28 6.32 5.39 4.47 3.61 2.83 2.24 2 8.54 7.62 6.71 5.83 5 4.24 3.61 3.16 3 8.94 8.06 7.21 6.4 5.66 5 4.47 4.12 4 
6.52 4.53 5.7 9.62 2.12 7.52 1.58 3.81 2.55 3.54 5 5.1 5.39 5.83 6.4 7.07 7.81 8.6 9.43 4 4.12 4.47 5 5.66 6.4 7.21 8.06 8.94 3 3.16 3.61 4.24 5 5.83 6.71 7.62 8.54 2 2.24 2.83 3.61 4.47 5.39 6.32 7.28 8.25 1 1.41 2.24 3.16 4.12 5.1 6.08 7.07 8.06 99999 1 2 3 4 5 6 7 8 1 1.41 2.24 3.16 4.12 5.1 6.08 7.07 8.06 2 2.24 2.83 3.61 4.47 5.39 6.32 7.28 8.25 3 3.16 3.61 4.24 5 5.83 6.71 7.62 8.54 
6.04 4.53 5.15 8.75 1.58 6.52 2.12 2.92 2.55 3.54 5.1 5 5.1 5.39 5.83 6.4 7.07 7.81 8.6 4.12 4 4.12 4.47 5 5.66 6.4 7.21 8.06 3.16 3 3.16 3.61 4.24 5 5.83 6.71 7.62 2.24 2 2.24 2.83 3.61 4.47 5.39 6.32 7.28 1.41 1 1.41 2.24 3.16 4.12 5.1 6.08 7.07 1 99999 1 2 3 4 5 6 7 1.41 1 1.41 2.24 3.16 4.12 5.1 6.08 7.07 2.24 2 2.24 2.83 3.61 4.47 5.39 6.32 7.28 3.16 3 3.16 3.61 4.24 5 5.83 6.71 7.62 
5.7 4.74 4.74 7.91 1.58 5.52 2.92 2.12 2.92 3.81 5.39 5.1 5 5.1 5.39 5.83 6.4 7.07 7.81 4.47 4.12 4 4.12 4.47 5 5.66 6.4 7.21 3.61 3.16 3 3.16 3.61 4.24 5 5.83 6.71 2.83 2.24 2 2.24 2.83 3.61 4.47 5.39 6.32 2.24 1.41 1 1.41 2.24 3.16 4.12 5.1 6.08 2 1 99999 1 2 3 4 5 6 2.24 1.41 1 1.41 2.24 3.16 4.12 5.1 6.08 2.83 2.24 2 2.24 2.83 3.61 4.47 5.39 6.32 3.61 3.16 3 3.16 3.61 4.24 5 5.83 6.71 
5.52 5.15 4.53 7.11 2.12 4.53 3.81 1.58 3.54 4.3 5.83 5.39 5.1 5 5.1 5.39 5.83 6.4 7.07 5 4.47 4.12 4 4.12 4.47 5 5.66 6.4 4.24 3.61 3.16 3 3.16 3.61 4.24 5 5.83 3.61 2.83 2.24 2 2.24 2.83 3.61 4.47 5.39 3.16 2.24 1.41 1 1.41 2.24 3.16 4.12 5.1 3 2 1 99999 1 2 3 4 5 3.16 2.24 1.41 1 1.41 2.24 3.16 4.12 5.1 3.61 2.83 2.24 2 2.24 2.83 3.61 4.47 5.39 4.24 3.61 3.16 3 3.16 3.61 4.24 5 5.83 
5.52 5.7 4.53 6.36 2.92 3.54 4.74 1.58 4.3 4.95 6.4 5.83 5.39 5.1 5 5.1 5.39 5.83 6.4 5.66 5 4.47 4.12 4 4.12 4.47 5 5.66 5 4.24 3.61 3.16 3 3.16 3.61 4.24 5 4.47 3.61 2.83 2.24 2 2.24 2.83 3.61 4.47 4.12 3.16 2.24 1.41 1 1.41 2.24 3.16 4.12 4 3 2 1 99999 1 2 3 4 4.12 3.16 2.24 1.41 1 1.41 2.24 3.16 4.12 4.47 3.61 2.83 2.24 2 2.24 2.83 3.61 4.47 5 4.24 3.61 3.16 3 3.16 3.61 4.24 5 
5.7 6.36 4.74 5.7 3.81 2.55 5.7 2.12 5.15 5.7 7.07 6.4 5.83 5.39 5.1 5 5.1 5.39 5.83 6.4 5.66 5 4.47 4.12 4 4.12 4.47 5 5.83 5 4.24 3.61 3.16 3 3.16 3.61 4.24 5.39 4.47 3.61 2.83 2.24 2 2.24 2.83 3.61 5.1 4.12 3.16 2.24 1.41 1 1.41 2.24 3.16 5 4 3 2 1 99999 1 2 3 5.1 4.12 3.16 2.24 1.41 1 1.41 2.24 3.16 5.39 4.47 3.61 2.83 2.24 2 2.24 2.83 3.61 5.83 5 4.24 3.61 3.16 3 3.16 3.61 4.24 
6.04 7.11 5.15 5.15 4.74 1.58 6.67 2.92 6.04 6.52 7.81 7.07 6.4 5.83 5.39 5.1 5 5.1 5.39 7.21 6.4 5.66 5 4.47 4.12 4 4.12 4.47 6.71 5.83 5 4.24 3.61 3.16 3 3.16 3.61 6.32 5.39 4.47 3.61 2.83 2.24 2 2.24 2.83 6.08 5.1 4.12 3.16 2.24 1.41 1 1.41 2.24 6 5 4 3 2 1 99999 1 2 6.08 5.1 4.12 3.16 2.24 1.41 1 1.41 2.24 6.32 5.39 4.47 3.61 2.83 2.24 2 2.24 2.83 6.71 5.83 5 4.24 3.61 3.16 3 3.16 3.61 
6.52 7.91 5.7 4.74 5.7 0.71 7.65 3.81 6.96 7.38 8.6 7.81 7.07 6.4 5.83 5.39 5.1 5 5.1 8.06 7.21 6.4 5.66 5 4.47 4.12 4 4.12 7.62 6.71 5.83 5 4.24 3.61 3.16 3 3.16 7.28 6.32 5.39 4.47 3.61 2.83 2.24 2 2.24 7.07 6.08 5.1 4.12 3.16 2.24 1.41 1 1.41 7 6 5 4 3 2 1 99999 1 7.07 6.08 5.1 4.12 3.16 2.24 1.41 1 1.41 7.28 6.32 5.39 4.47 3.61 2.83 2.24 2 2.24 7.62 6.71 5.83 5 4.24 3.61 3.16 3 3.16 
7.11 8.75 6.36 4.53 6.67 0.71 8.63 4.74 7.91 8.28 9.43 8.6 7.81 7.07 6.4 5.83 5.39 5.1 5 8.94 8.06 7.21 6.4 5.66 5 4.47 4.12 4 8.54 7.62 6.71 5.83 5 4.24 3.61 3.16 3 8.25 7.28 6.32 5.39 4.47 3.61 2.83 2.24 2 8.06 7.07 6.08 5.1 4.12 3.16 2.24 1.41 1 8 7 6 5 4 3 2 1 99999 8.06 7.07 6.08 5.1 4.12 3.16 2.24 1.41 1 8.25 7.28 6.32 5.39 4.47 3.61 2.83 2.24 2 8.54 7.62 6.71 5.83 5 4.24 3.61 3.16 3 
7.38 5.52 6.52 10.12 2.92 7.52 0.71 3.54 1.58 2.55 6 6.08 6.32 6.71 7.21 7.81 8.49 9.22 10 5 5.1 5.39 5.83 6.4 7.07 7.81 8.6 9.43 4 4.12 4.47 5 5.66 6.4 7.21 8.06 8.94 3 3.16 3.61 4.24 5 5.83 6.71 7.62 8.54 2 2.24 2.83 3.61 4.47 5.39 6.32 7.28 8.25 1 1.41 2.24 3.16 4.12 5.1 6.08 7.07 8.06 99999 1 2 3 4 5 6 7 8 1 1.41 2.24 3.16 4.12 5.1 6.08 7.07 8.06 2 2.24 2.83 3.61 4.47 5.39 6.32 7.28 8.25 
6.96 5.52 6.04 9.3 2.55 6.52 1.58 2.55 1.58 2.55 6.08 6 6.08 6.32 6.71 7.21 7.81 8.49 9.22 5.1 5 5.1 5.39 5.83 6.4 7.07 7.81 8.6 4.12 4 4.12 4.47 5 5.66 6.4 7.21 8.06 3.16 3 3.16 3.61 4.24 5 5.83 6.71 7.62 2.24 2 2.24 2.83 3.61 4.47 5.39 6.32 7.28 1.41 1 1.41 2.24 3.16 4.12 5.1 6.08 7.07 1 99999 1 2 3 4 5 6 7 1.41 1 1.41 2.24 3.16 4.12 5.1 6.08 7.07 2.24 2 2.24 2.83 3.61 4.47 5.39 6.32 7.28 
6.67 5.7 5.7 8.51 2.55 5.52 2.55 1.58 2.12 2.92 6.32 6.08 6 6.08 6.32 6.71 7.21 7.81 8.49 5.39 5.1 5 5.1 5.39 5.83 6.4 7.07 7.81 4.47 4.12 4 4.12 4.47 5 5.66 6.4 7.21 3.61 3.16 3 3.16 3.61 4.24 5 5.83 6.71 2.83 2.24 2 2.24 2.83 3.61 4.47 5.39 6.32 2.24 1.41 1 1.41 2.24 3.16 4.12 5.1 6.08 2 1 99999 1 2 3 4 5 6 2.24 1.41 1 1.41 2.24 3.16 4.12 5.1 6.08 2.83 2.24 2 2.24 2.83 3.61 4.47 5.39 6.32 
6.52 6.04 5.52 7.78 2.92 4.53 3.54 0.71 2.92 3.54 6.71 6.32 6.08 6 6.08 6.32 6.71 7.21 7.81 5.83 5.39 5.1 5 5.1 5.39 5.83 6.4 7.07 5 4.47 4.12 4 4.12 4.47 5 5.66 6.4 4.24 3.61 3.16 3 3.16 3.61 4.24 5 5.83 3.61 2.83 2.24 2 2.24 2.83 3.61 4.47 5.39 3.16 2.24 1.41 1 1.41 2.24 3.16 4.12 5.1 3 2 1 99999 1 2 3 4 5 3.16 2.24 1.41 1 1.41 2.24 3.16 4.12 5.1 3.61 2.83 2.24 2 2.24 2.83 3.61 4.47 5.39 
6.52 6.52 5.52 7.11 3.54 3.54 4.53 0.71 3.81 4.3 7.21 6.71 6.32 6.08 6 6.08 6.32 6.71 7.21 6.4 5.83 5.39 5.1 5 5.1 5.39 5.83 6.4 5.66 5 4.47 4.12 4 4.12 4.47 5 5.66 5 4.24 3.61 3.16 3 3.16 3.61 4.24 5 4.47 3.61 2.83 2.24 2 2.24 2.83 3.61 4.47 4.12 3.16 2.24 1.41 1 1.41 2.24 3.16 4.12 4 3 2 1 99999 1 2 3 4 4.12 3.16 2.24 1.41 1 1.41 2.24 3.16 4.12 4.47 3.61 2.83 2.24 2 2.24 2.83 3.61 4.47 
6.67 7.11 5.7 6.52 4.3 2.55 5.52 1.58 4.74 5.15 7.81 7.21 6.71 6.32 6.08 6 6.08 6.32 6.71 7.07 6.4 5.83 5.39 5.1 5 5.1 5.39 5.83 6.4 5.66 5 4.47 4.12 4 4.12 4.47 5 5.83 5 4.24 3.61 3.16 3 3.16 3.61 4.24 5.39 4.47 3.61 2.83 2.24 2 2.24 2.83 3.61 5.1 4.12 3.16 2.24 1.41 1 1.41 2.24 3.16 5 4 3 2 1 99999 1 2 3 5.1 4.12 3.16 2.24 1.41 1 1.41 2.24 3.16 5.39 4.47 3.61 2.83 2.24 2 2.24 2.83 3.61 
6.96 7.78 6.04 6.04 5.15 1.58 6.52 2.55 5.7 6.04 8.49 7.81 7.21 6.71 6.32 6.08 6 6.08 6.32 7.81 7.07 6.4 5.83 5.39 5.1 5 5.1 5.39 7.21 6.4 5.66 5 4.47 4.12 4 4.12 4.47 6.71 5.83 5 4.24 3.61 3.16 3 3.16 3.61 6.32 5.39 4.47 3.61 2.83 2.24 2 2.24 2.83 6.08 5.1 4.12 3.16 2.24 1.41 1 1.41 2.24 6 5 4 3 2 1 99999 1 2 6.08 5.1 4.12 3.16 2.24 1.41 1 1.41 2.24 6.32 5.39 4.47 3.61 2.83 2.24 2 2.24 2.83 
7.38 8.51 6.52 5.7 6.04 0.71 7.52 3.54 6.67 6.96 9.22 8.49 7.81 7.21 6.71 6.32 6.08 6 6.08 8.6 7.81 7.07 6.4 5.83 5.39 5.1 5 5.1 8.06 7.21 6.4 5.66 5 4.47 4.12 4 4.12 7.62 6.71 5.83 5 4.24 3.61 3.16 3 3.16 7.28 6.32 5.39 4.47 3.61 2.83 2.24 2 2.24 7.07 6.08 5.1 4.12 3.16 2.24 1.41 1 1.41 7 6 5 4 3 2 1 99999 1 7.07 6.08 5.1 4.12 3.16 2.24 1.41 1 1.41 7.28 6.32 5.39 4.47 3.61 2.83 2.24 2 2.24 
7.91 9.3 7.11 5.52 6.96 0.71 8.51 4.53 7.65 7.91 10 9.22 8.49 7.81 7.21 6.71 6.32 6.08 6 9.43 8.6 7.81 7.07 6.4 5.83 5.39 5.1 5 8.94 8.06 7.21 6.4 5.66 5 4.47 4.12 4 8.54 7.62 6.71 5.83 5 4.24 3.61 3.16 3 8.25 7.28 6.32 5.39 4.47 3.61 2.83 2.24 2 8.06 7.07 6.08 5.1 4.12 3.16 2.24 1.41 1 8 7 6 5 4 3 2 1 99999 8.06 7.07 6.08 5.1 4.12 3.16 2.24 1.41 1 8.25 7.28 6.32 5.39 4.47 3.61 2.83 2.24 2 
8.28 6.52 7.38 10.7 3.81 7.65 0.71 3.54 0.71 1.58 7 7.07 7.28 7.62 8.06 8.6 9.22 9.9 10.63 6 6.08 6.32 6.71 7.21 7.81 8.49 9.22 10 5 5.1 5.39 5.83 6.4 7.07 7.81 8.6 9.43 4 4.12 4.47 5 5.66 6.4 7.21 8.06 8.94 3 3.16 3.61 4.24 5 5.83 6.71 7.62 8.54 2 2.24 2.83 3.61 4.47 5.39 6.32 7.28 8.25 1 1.41 2.24 3.16 4.12 5.1 6.08 7.07 8.06 99999 1 2 3 4 5 6 7 8 1 1.41 2.24 3.16 4.12 5.1 6.08 7.07 8.06 
7.91 6.52 6.96 9.92 3.54 6.67 1.58 2.55 0.71 1.58 7.07 7 7.07 7.28 7.62 8.06 8.6 9.22 9.9 6.08 6 6.08 6.32 6.71 7.21 7.81 8.49 9.22 5.1 5 5.1 5.39 5.83 6.4 7.07 7.81 8.6 4.12 4 4.12 4.47 5 5.66 6.4 7.21 8.06 3.16 3 3.16 3.61 4.24 5 5.83 6.71 7.62 2.24 2 2.24 2.83 3.61 4.47 5.39 6.32 7.28 1.41 1 1.41 2.24 3.16 4.12 5.1 6.08 7.07 1 99999 1 2 3 4 5 6 7 1.41 1 1.41 2.24 3.16 4.12 5.1 6.08 7.07 
7.65 6.67 6.67 9.19 3.54 5.7 2.55 1.58 1.58 2.12 7.28 7.07 7 7.07 7.28 7.62 8.06 8.6 9.22 6.32 6.08 6 6.08 6.32 6.71 7.21 7.81 8.49 5.39 5.1 5 5.1 5.39 5.83 6.4 7.07 7.81 4.47 4.12 4 4.12 4.47 5 5.66 6.4 7.21 3.61 3.16 3 3.16 3.61 4.24 5 5.83 6.71 2.83 2.24 2 2.24 2.83 3.61 4.47 5.39 6.32 2.24 1.41 1 1.41 2.24 3.16 4.12 5.1 6.08 2 1 99999 1 2 3 4 5 6 2.24 1.41 1 1.41 2.24 3.16 4.12 5.1 6.08 
7.52 6.96 6.52 8.51 3.81 4.74 3.54 0.71 2.55 2.92 7.62 7.28 7.07 7 7.07 7.28 7.62 8.06 8.6 6.71 6.32 6.08 6 6.08 6.32 6.71 7.21 7.81 5.83 5.39 5.1 5 5.1 5.39 5.83 6.4 7.07 5 4.47 4.12 4 4.12 4.47 5 5.66 6.4 4.24 3.61 3.16 3 3.16 3.61 4.24 5 5.83 3.61 2.83 2.24 2 2.24 2.83 3.61 4.47 5.39 3.16 2.24 1.41 1 1.41 2.24 3.16 4.12 5.1 3 2 1 99999 1 2 3 4 5 3.16 2.24 1.41 1 1.41 2.24 3.16 4.12 5.1 
7.52 7.38 6.52 7.91 4.3 3.81 4.53 0.71 3.54 3.81 8.06 7.62 7.28 7.07 7 7.07 7.28 7.62 8.06 7.21 6.71 6.32 6.08 6 6.08 6.32 6.71 7.21 6.4 5.83 5.39 5.1 5 5.1 5.39 5.83 6.4 5.66 5 4.47 4.12 4 4.12 4.47 5 5.66 5 4.24 3.61 3.16 3 3.16 3.61 4.24 5 4.47 3.61 2.83 2.24 2 2.24 2.83 3.61 4.47 4.12 3.16 2.24 1.41 1 1.41 2.24 3.16 4.12 4 3 2 1 99999 1 2 3 4 4.12 3.16 2.24 1.41 1 1.41 2.24 3.16 4.12 
7.65 7.91 6.67 7.38 4.95 2.92 5.52 1.58 4.53 4.74 8.6 8.06 7.62 7.28 7.07 7 7.07 7.28 7.62 7.81 7.21 6.71 6.32 6.08 6 6.08 6.32 6.71 7.07 6.4 5.83 5.39 5.1 5 5.1 5.39 5.83 6.4 5.66 5 4.47 4.12 4 4.12 4.47 5 5.83 5 4.24 3.61 3.16 3 3.16 3.61 4.24 5.39 4.47 3.61 2.83 2.24 2 2.24 2.83 3.61 5.1 4.12 3.16 2.24 1.41 1 1.41 2.24 3.16 5 4 3 2 1 99999 1 2 3 5.1 4.12 3.16 2.24 1.41 1 1.41 2.24 3.16 
7.91 8.51 6.96 6.96 5.7 2.12 6.52 2.55 5.52 5.7 9.22 8.6 8.06 7.62 7.28 7.07 7 7.07 7.28 8.49 7.81 7.21 6.71 6.32 6.08 6 6.08 6.32 7.81 7.07 6.4 5.83 5.39 5.1 5 5.1 5.39 7.21 6.4 5.66 5 4.47 4.12 4 4.12 4.47 6.71 5.83 5 4.24 3.61 3.16 3 3.16 3.61 6.32 5.39 4.47 3.61 2.83 2.24 2 2.24 2.83 6.08 5.1 4.12 3.16 2.24 1.41 1 1.41 2.24 6 5 4 3 2 1 99999 1 2 6.08 5.1 4.12 3.16 2.24 1.41 1 1.41 2.24 
8.28 9.19 7.38 6.67 6.52 1.58 7.52 3.54 6.52 6.67 9.9 9.22 8.6 8.06 7.62 7.28 7.07 7 7.07 9.22 8.49 7.81 7.21 6.71 6.32 6.08 6 6.08 8.6 7.81 7.07 6.4 5.83 5.39 5.1 5 5.1 8.06 7.21 6.4 5.66 5 4.47 4.12 4 4.12 7.62 6.71 5.83 5 4.24 3.61 3.16 3 3.16 7.28 6.32 5.39 4.47 3.61 2.83 2.24 2 2.24 7.07 6.08 5.1 4.12 3.16 2.24 1.41 1 1.41 7 6 5 4 3 2 1 99999 1 7.07 6.08 5.1 4.12 3.16 2.24 1.41 1 1.41 
8.75 9.92 7.91 6.52 7.38 1.58 8.51 4.53 7.52 7.65 10.63 9.9 9.22 8.6 8.06 7.62 7.28 7.07 7 10 9.22 8.49 7.81 7.21 6.71 6.32 6.08 6 9.43 8.6 7.81 7.07 6.4 5.83 5.39 5.1 5 8.94 8.06 7.21 6.4 5.66 5 4.47 4.12 4 8.54 7.62 6.71 5.83 5 4.24 3.61 3.16 3 8.25 7.28 6.32 5.39 4.47 3.61 2.83 2.24 2 8.06 7.07 6.08 5.1 4.12 3.16 2.24 1.41 1 8 7 6 5 4 3 2 1 99999 8.06 7.07 6.08 5.1 4.12 3.16 2.24 1.41 1 
9.19 7.52 8.28 11.34 4.74 7.91 1.58 3.81 0.71 0.71 8 8.06 8.25 8.54 8.94 9.43 10 10.63 11.31 7 7.07 7.28 7.62 8.06 8.6 9.22 9.9 10.63 6 6.08 6.32 6.71 7.21 7.81 8.49 9.22 10 5 5.1 5.39 5.83 6.4 7.07 7.81 8.6 9.43 4 4.12 4.47 5 5.66 6.4 7.21 8.06 8.94 3 3.16 3.61 4.24 5 5.83 6.71 7.62 8.54 2 2.24 2.83 3.61 4.47 5.39 6.32 7.28 8.25 1 1.41 2.24 3.16 4.12 5.1 6.08 7.07 8.06 99999 1 2 3 4 5 6 7 8 
8.86 7.52 7.91 10.61 4.53 6.96 2.12 2.92 0.71 0.71 8.06 8 8.06 8.25 8.54 8.94 9.43 10 10.63 7.07 7 7.07 7.28 7.62 8.06 8.6 9.22 9.9 6.08 6 6.08 6.32 6.71 7.21 7.81 8.49 9.22 5.1 5 5.1 5.39 5.83 6.4 7.07 7.81 8.6 4.12 4 4.12 4.47 5 5.66 6.4 7.21 8.06 3.16 3 3.16 3.61 4.24 5 5.83 6.71 7.62 2.24 2 2.24 2.83 3.61 4.47 5.39 6.32 7.28 1.41 1 1.41 2.24 3.16 4.12 5.1 6.08 7.07 1 99999 1 2 3 4 5 6 7 
8.63 7.65 7.65 9.92 4.53 6.04 2.92 2.12 1.58 1.58 8.25 8.06 8 8.06 8.25 8.54 8.94 9.43 10 7.28 7.07 7 7.07 7.28 7.62 8.06 8.6 9.22 6.32 6.08 6 6.08 6.32 6.71 7.21 7.81 8.49 5.39 5.1 5 5.1 5.39 5.83 6.4 7.07 7.81 4.47 4.12 4 4.12 4.47 5 5.66 6.4 7.21 3.61 3.16 3 3.16 3.61 4.24 5 5.83 6.71 2.83 2.24 2 2.24 2.83 3.61 4.47 5.39 6.32 2.24 1.41 1 1.41 2.24 3.16 4.12 5.1 6.08 2 1 99999 1 2 3 4 5 6 
8.51 7.91 7.52 9.3 4.74 5.15 3.81 1.58 2.55 2.55 8.54 8.25 8.06 8 8.06 8.25 8.54 8.94 9.43 7.62 7.28 7.07 7 7.07 7.28 7.62 8.06 8.6 6.71 6.32 6.08 6 6.08 6.32 6.71 7.21 7.81 5.83 5.39 5.1 5 5.1 5.39 5.83 6.4 7.07 5 4.47 4.12 4 4.12 4.47 5 5.66 6.4 4.24 3.61 3.16 3 3.16 3.61 4.24 5 5.83 3.61 2.83 2.24 2 2.24 2.83 3.61 4.47 5.39 3.16 2.24 1.41 1 1.41 2.24 3.16 4.12 5.1 3 2 1 99999 1 2 3 4 5 
8.51 8.28 7.52 8.75 5.15 4.3 4.74 1.58 3.54 3.54 8.94 8.54 8.25 8.06 8 8.06 8.25 8.54 8.94 8.06 7.62 7.28 7.07 7 7.07 7.28 7.62 8.06 7.21 6.71 6.32 6.08 6 6.08 6.32 6.71 7.21 6.4 5.83 5.39 5.1 5 5.1 5.39 5.83 6.4 5.66 5 4.47 4.12 4 4.12 4.47 5 5.66 5 4.24 3.61 3.16 3 3.16 3.61 4.24 5 4.47 3.61 2.83 2.24 2 2.24 2.83 3.61 4.47 4.12 3.16 2.24 1.41 1 1.41 2.24 3.16 4.12 4 3 2 1 99999 1 2 3 4 
8.63 8.75 7.65 8.28 5.7 3.54 5.7 2.12 4.53 4.53 9.43 8.94 8.54 8.25 8.06 8 8.06 8.25 8.54 8.6 8.06 7.62 7.28 7.07 7 7.07 7.28 7.62 7.81 7.21 6.71 6.32 6.08 6 6.08 6.32 6.71 7.07 6.4 5.83 5.39 5.1 5 5.1 5.39 5.83 6.4 5.66 5 4.47 4.12 4 4.12 4.47 5 5.83 5 4.24 3.61 3.16 3 3.16 3.61 4.24 5.39 4.47 3.61 2.83 2.24 2 2.24 2.83 3.61 5.1 4.12 3.16 2.24 1.41 1 1.41 2.24 3.16 5 4 3 2 1 99999 1 2 3 
8.86 9.3 7.91 7.91 6.36 2.92 6.67 2.92 5.52 5.52 10 9.43 8.94 8.54 8.25 8.06 8 8.06 8.25 9.22 8.6 8.06 7.62 7.28 7.07 7 7.07 7.28 8.49 7.81 7.21 6.71 6.32 6.08 6 6.08 6.32 7.81 7.07 6.4 5.83 5.39 5.1 5 5.1 5.39 7.21 6.4 5.66 5 4.47 4.12 4 4.12 4.47 6.71 5.83 5 4.24 3.61 3.16 3 3.16 3.61 6.32 5.39 4.47 3.61 2.83 2.24 2 2.24 2.83 6.08 5.1 4.12 3.16 2.24 1.41 1 1.41 2.24 6 5 4 3 2 1 99999 1 2 
9.19 9.92 8.28 7.65 7.11 2.55 7.65 3.81 6.52 6.52 10.63 10 9.43 8.94 8.54 8.25 8.06 8 8.06 9.9 9.22 8.6 8.06 7.62 7.28 7.07 7 7.07 9.22 8.49 7.81 7.21 6.71 6.32 6.08 6 6.08 8.6 7.81 7.07 6.4 5.83 5.39 5.1 5 5.1 8.06 7.21 6.4 5.66 5 4.47 4.12 4 4.12 7.62 6.71 5.83 5 4.24 3.61 3.16 3 3.16 7.28 6.32 5.39 4.47 3.61 2.83 2.24 2 2.24 7.07 6.08 5.1 4.12 3.16 2.24 1.41 1 1.41 7 6 5 4 3 2 1 99999 1 
9.62 10.61 8.75 7.52 7.91 2.55 8.63 4.74 7.52 7.52 11.31 10.63 10 9.43 8.94 8.54 8.25 8.06 8 10.63 9.9 9.22 8.6 8.06 7.62 7.28 7.07 7 10 9.22 8.49 7.81 7.21 6.71 6.32 6.08 6 9.43 8.6 7.81 7.07 6.4 5.83 5.39 5.1 5 8.94 8.06 7.21 6.4 5.66 5 4.47 4.12 4 8.54 7.62 6.71 5.83 5 4.24 3.61 3.16 3 8.25 7.28 6.32 5.39 4.47 3.61 2.83 2.24 2 8.06 7.07 6.08 5.1 4.12 3.16 2.24 1.41 1 8 7 6 5 4 3 2 1 99999 
