146 8 7 8 228
2 10 1 5
150 10 0 6

0 0 
1 0 
2 0 
3 0 
4 0 
5 0 
6 0 
7 0 
8 0
9 0
10 0
11 0
12 0
13 0
14 0
15 8 77 86 90 94 99 104 131 133 
16 6 67 75 76 84 85 87 
17 0 
18 12 57 58 59 66 67 69 74 75 76 77 85 87 
19 3 99 130 133 
20 3 43 44 49 
21 19 40 42 43 44 46 47 48 51 52 53 57 58 59 60 61 67 69 75 78 
22 37 88 89 91 92 93 95 96 97 98 100 101 102 103 106 107 108 109 110 111 113 114 115 116 117 118 124 125 126 127 128 139 140 141 142 143 144 145 
23 1 0 
24 2 0 9 
25 1 9 
26 2 1 10 
27 4 1 2 10 11 
28 4 2 3 11 12 
29 4 3 4 12 13 
30 4 4 5 13 14 
31 4 5 6 14 15 
32 4 6 7 15 16 
33 4 7 8 16 17 
34 1 9 
35 1 9 
36 2 10 18 
37 4 10 11 18 19 
38 3 11 12 19 
39 3 12 13 20 
40 3 13 14 20 
41 2 14 15 
42 3 15 16 21 
43 4 16 17 21 22 
44 1 23 
45 1 18 
46 2 18 19 
47 2 19 24 
48 3 20 24 25 
49 3 20 25 26 
50 2 26 27 
51 2 21 27 
52 2 21 22 
53 1 23 
54 1 23 
55 1 28 
56 2 28 29 
57 2 24 29 
58 2 24 25 
59 2 25 26 
60 3 26 27 30 
61 2 27 30 
62 2 28 31 
63 4 28 29 31 32 
64 2 29 32 
65 1 33 
66 3 30 33 34 
67 3 30 34 35 
68 1 35 
69 1 31 
70 2 31 32 
71 1 32 
72 1 33 
73 2 33 34 
74 3 34 35 36 
75 2 35 36 
76 1 37 
77 2 36 37 
78 1 36 
79 2 37 38 
80 2 37 38 
81 1 38 
82 1 38 
83 1 39 
84 2 39 40 
85 1 40 
86 1 41 
87 1 42 
88 2 42 43 
89 2 43 44 
90 2 39 44 
91 2 39 40 
92 1 40 
93 1 45 
94 2 41 45 
95 2 42 46 
96 4 42 43 46 47 
97 4 43 44 47 48 
98 2 44 48 
99 1 49 
100 1 49 
101 1 45 
102 2 45 50 
103 1 51 
104 1 51 
105 2 46 52 
106 4 46 47 52 53 
107 3 47 48 53 
108 1 48 
109 1 49 
110 1 49 
111 1 54 
112 2 54 55 
113 3 50 55 56 
114 1 57 
115 3 51 57 58 
116 3 51 58 59 
117 3 52 59 60 
118 4 52 53 60 61 
119 2 53 61 
120 1 62 
121 3 54 62 63 
122 4 54 55 63 64 
123 4 55 56 64 65 
124 2 66 67 
125 2 66 67 
126 1 57 
127 3 57 58 68 
128 4 58 59 68 69 
129 3 59 60 69 
130 2 60 61 
131 1 61 
132 2 62 70 
133 4 62 63 70 71 
134 4 63 64 71 72 
135 4 64 65 72 73 
136 4 66 67 74 75 
137 3 67 75 76 
138 2 68 77 
139 3 68 69 78 
140 2 69 78 
141 2 70 79 
142 4 70 71 79 80 
143 3 71 72 80 
144 2 72 73 
145 2 74 75 
146 2 75 76 
147 1 77 
148 1 78 
149 2 78 81 
150 1 81 
151 2 79 82 
152 4 79 80 82 83 
153 2 80 83 
154 1 81 
155 1 81 
156 1 82 
157 2 82 83 
158 1 83 
159 1 84 
160 2 84 85 
161 1 85 
162 1 86 
163 1 86 
164 1 84 
165 3 84 85 87 
166 2 85 87 
167 1 88 
168 2 88 89 
169 2 86 90 
170 2 86 90 
171 1 87 
172 1 87 
173 1 91 
174 2 91 92 
175 1 92 
176 1 88 
177 3 88 89 93 
178 2 90 94 
179 2 90 94 
180 1 95 
181 1 95 
182 1 91 
183 3 91 92 96 
184 2 92 96 
185 1 97 
186 3 93 97 98 
187 1 99 
188 1 99 
189 1 94 
190 1 94 
191 1 95 
192 1 95 
193 2 96 100 
194 3 96 100 101 
195 3 97 101 102 
196 4 97 98 102 103 
197 2 99 104 
198 1 99 
199 1 105 
200 1 105 
201 1 106 
202 2 106 107 
203 3 100 107 108 
204 4 100 101 108 109 
205 4 101 102 109 110 
206 4 102 103 110 111 
207 1 104 
208 2 105 112 
209 2 105 112 
210 1 113 
211 1 113 
212 1 106 
213 3 106 107 114 
214 4 107 108 114 115 
215 4 108 109 115 116 
216 4 109 110 116 117 
217 4 110 111 117 118 
218 1 119 
219 1 120 
220 2 120 121 
221 2 112 121 
222 1 112 
223 1 122 
224 1 122 
225 1 123 
226 2 113 123 
227 1 113 
228 1 124 
229 3 114 124 125 
230 4 114 115 125 126 
231 4 115 116 126 127 
232 4 116 117 127 128 
233 4 117 118 128 129 
234 3 119 131 132 
235 3 119 132 133 
236 3 120 133 134 
237 4 120 121 134 135 
238 2 121 135 
239 1 122 
240 2 122 136 
241 3 123 136 137 
242 3 123 137 138 
243 2 138 139 
244 1 139 
245 2 124 140 
246 4 124 125 140 141 
247 4 125 126 141 142 
248 4 126 127 142 143 
249 4 127 128 143 144 
250 4 128 129 144 145 

99999 99999 99999 99999 99999 99999 99999 99999 99999 99999 99999 99999 99999 99999 99999 99999 99999 99999 99999 99999 99999 99999 99999 99999 99999 99999 99999 99999 99999 99999 99999 99999 99999 99999 99999 99999 99999 99999 99999 99999 99999 99999 99999 99999 99999 99999 99999 99999 99999 99999 99999 99999 99999 99999 99999 99999 99999 99999 99999 99999 99999 99999 99999 99999 99999 99999 99999 99999 99999 99999 99999 99999 99999 99999 99999 99999 99999 99999 99999 99999 99999 99999 99999 99999 99999 99999 99999 99999 99999 99999 99999 99999 99999 99999 99999 99999 99999 99999 99999 99999 99999 99999 99999 99999 99999 99999 99999 99999 99999 99999 99999 99999 99999 99999 99999 99999 99999 99999 99999 99999 99999 99999 99999 99999 99999 99999 99999 99999 99999 99999 99999 99999 99999 99999 99999 99999 99999 99999 99999 99999 99999 99999 99999 99999 99999 99999 99999 99999 99999 99999 99999 99999 99999 99999 99999 99999 99999 99999 99999 99999 99999 99999 99999 99999 99999 99999 99999 99999 99999 99999 99999 99999 99999 99999 99999 99999 99999 99999 99999 99999 99999 99999 99999 99999 99999 99999 99999 99999 99999 99999 99999 99999 99999 99999 99999 99999 99999 99999 99999 99999 99999 99999 99999 99999 99999 99999 99999 99999 99999 99999 99999 99999 99999 99999 99999 99999 99999 99999 99999 99999 99999 99999 99999 99999 99999 99999 99999 99999 99999 99999 99999 99999 99999 99999 99999 99999 99999 99999 99999 99999 99999 99999 99999 99999 99999 99999 99999 99999 99999 99999 99999 
99999 99999 99999 99999 99999 99999 99999 99999 99999 99999 99999 99999 99999 99999 99999 99999 99999 99999 99999 99999 99999 99999 99999 99999 99999 99999 99999 99999 99999 99999 99999 99999 99999 99999 99999 99999 99999 99999 99999 99999 99999 99999 99999 99999 99999 99999 99999 99999 99999 99999 99999 99999 99999 99999 99999 99999 99999 99999 99999 99999 99999 99999 99999 99999 99999 99999 99999 99999 99999 99999 99999 99999 99999 99999 99999 99999 99999 99999 99999 99999 99999 99999 99999 99999 99999 99999 99999 99999 99999 99999 99999 99999 99999 99999 99999 99999 99999 99999 99999 99999 99999 99999 99999 99999 99999 99999 99999 99999 99999 99999 99999 99999 99999 99999 99999 99999 99999 99999 99999 99999 99999 99999 99999 99999 99999 99999 99999 99999 99999 99999 99999 99999 99999 99999 99999 99999 99999 99999 99999 99999 99999 99999 99999 99999 99999 99999 99999 99999 99999 99999 99999 99999 99999 99999 99999 99999 99999 99999 99999 99999 99999 99999 99999 99999 99999 99999 99999 99999 99999 99999 99999 99999 99999 99999 99999 99999 99999 99999 99999 99999 99999 99999 99999 99999 99999 99999 99999 99999 99999 99999 99999 99999 99999 99999 99999 99999 99999 99999 99999 99999 99999 99999 99999 99999 99999 99999 99999 99999 99999 99999 99999 99999 99999 99999 99999 99999 99999 99999 99999 99999 99999 99999 99999 99999 99999 99999 99999 99999 99999 99999 99999 99999 99999 99999 99999 99999 99999 99999 99999 99999 99999 99999 99999 99999 99999 99999 99999 99999 99999 99999 99999 
99999 99999 99999 99999 99999 99999 99999 99999 99999 99999 99999 99999 99999 99999 99999 99999 99999 99999 99999 99999 99999 99999 99999 99999 99999 99999 99999 99999 99999 99999 99999 99999 99999 99999 99999 99999 99999 99999 99999 99999 99999 99999 99999 99999 99999 99999 99999 99999 99999 99999 99999 99999 99999 99999 99999 99999 99999 99999 99999 99999 99999 99999 99999 99999 99999 99999 99999 99999 99999 99999 99999 99999 99999 99999 99999 99999 99999 99999 99999 99999 99999 99999 99999 99999 99999 99999 99999 99999 99999 99999 99999 99999 99999 99999 99999 99999 99999 99999 99999 99999 99999 99999 99999 99999 99999 99999 99999 99999 99999 99999 99999 99999 99999 99999 99999 99999 99999 99999 99999 99999 99999 99999 99999 99999 99999 99999 99999 99999 99999 99999 99999 99999 99999 99999 99999 99999 99999 99999 99999 99999 99999 99999 99999 99999 99999 99999 99999 99999 99999 99999 99999 99999 99999 99999 99999 99999 99999 99999 99999 99999 99999 99999 99999 99999 99999 99999 99999 99999 99999 99999 99999 99999 99999 99999 99999 99999 99999 99999 99999 99999 99999 99999 99999 99999 99999 99999 99999 99999 99999 99999 99999 99999 99999 99999 99999 99999 99999 99999 99999 99999 99999 99999 99999 99999 99999 99999 99999 99999 99999 99999 99999 99999 99999 99999 99999 99999 99999 99999 99999 99999 99999 99999 99999 99999 99999 99999 99999 99999 99999 99999 99999 99999 99999 99999 99999 99999 99999 99999 99999 99999 99999 99999 99999 99999 99999 99999 99999 99999 99999 99999 99999 
99999 99999 99999 99999 99999 99999 99999 99999 99999 99999 99999 99999 99999 99999 99999 99999 99999 99999 99999 99999 99999 99999 99999 99999 99999 99999 99999 99999 99999 99999 99999 99999 99999 99999 99999 99999 99999 99999 99999 99999 99999 99999 99999 99999 99999 99999 99999 99999 99999 99999 99999 99999 99999 99999 99999 99999 99999 99999 99999 99999 99999 99999 99999 99999 99999 99999 99999 99999 99999 99999 99999 99999 99999 99999 99999 99999 99999 99999 99999 99999 99999 99999 99999 99999 99999 99999 99999 99999 99999 99999 99999 99999 99999 99999 99999 99999 99999 99999 99999 99999 99999 99999 99999 99999 99999 99999 99999 99999 99999 99999 99999 99999 99999 99999 99999 99999 99999 99999 99999 99999 99999 99999 99999 99999 99999 99999 99999 99999 99999 99999 99999 99999 99999 99999 99999 99999 99999 99999 99999 99999 99999 99999 99999 99999 99999 99999 99999 99999 99999 99999 99999 99999 99999 99999 99999 99999 99999 99999 99999 99999 99999 99999 99999 99999 99999 99999 99999 99999 99999 99999 99999 99999 99999 99999 99999 99999 99999 99999 99999 99999 99999 99999 99999 99999 99999 99999 99999 99999 99999 99999 99999 99999 99999 99999 99999 99999 99999 99999 99999 99999 99999 99999 99999 99999 99999 99999 99999 99999 99999 99999 99999 99999 99999 99999 99999 99999 99999 99999 99999 99999 99999 99999 99999 99999 99999 99999 99999 99999 99999 99999 99999 99999 99999 99999 99999 99999 99999 99999 99999 99999 99999 99999 99999 99999 99999 99999 99999 99999 99999 99999 99999 
99999 99999 99999 99999 99999 99999 99999 99999 99999 99999 99999 99999 99999 99999 99999 99999 99999 99999 99999 99999 99999 99999 99999 99999 99999 99999 99999 99999 99999 99999 99999 99999 99999 99999 99999 99999 99999 99999 99999 99999 99999 99999 99999 99999 99999 99999 99999 99999 99999 99999 99999 99999 99999 99999 99999 99999 99999 99999 99999 99999 99999 99999 99999 99999 99999 99999 99999 99999 99999 99999 99999 99999 99999 99999 99999 99999 99999 99999 99999 99999 99999 99999 99999 99999 99999 99999 99999 99999 99999 99999 99999 99999 99999 99999 99999 99999 99999 99999 99999 99999 99999 99999 99999 99999 99999 99999 99999 99999 99999 99999 99999 99999 99999 99999 99999 99999 99999 99999 99999 99999 99999 99999 99999 99999 99999 99999 99999 99999 99999 99999 99999 99999 99999 99999 99999 99999 99999 99999 99999 99999 99999 99999 99999 99999 99999 99999 99999 99999 99999 99999 99999 99999 99999 99999 99999 99999 99999 99999 99999 99999 99999 99999 99999 99999 99999 99999 99999 99999 99999 99999 99999 99999 99999 99999 99999 99999 99999 99999 99999 99999 99999 99999 99999 99999 99999 99999 99999 99999 99999 99999 99999 99999 99999 99999 99999 99999 99999 99999 99999 99999 99999 99999 99999 99999 99999 99999 99999 99999 99999 99999 99999 99999 99999 99999 99999 99999 99999 99999 99999 99999 99999 99999 99999 99999 99999 99999 99999 99999 99999 99999 99999 99999 99999 99999 99999 99999 99999 99999 99999 99999 99999 99999 99999 99999 99999 99999 99999 99999 99999 99999 99999 
99999 99999 99999 99999 99999 99999 99999 99999 99999 99999 99999 99999 99999 99999 99999 99999 99999 99999 99999 99999 99999 99999 99999 99999 99999 99999 99999 99999 99999 99999 99999 99999 99999 99999 99999 99999 99999 99999 99999 99999 99999 99999 99999 99999 99999 99999 99999 99999 99999 99999 99999 99999 99999 99999 99999 99999 99999 99999 99999 99999 99999 99999 99999 99999 99999 99999 99999 99999 99999 99999 99999 99999 99999 99999 99999 99999 99999 99999 99999 99999 99999 99999 99999 99999 99999 99999 99999 99999 99999 99999 99999 99999 99999 99999 99999 99999 99999 99999 99999 99999 99999 99999 99999 99999 99999 99999 99999 99999 99999 99999 99999 99999 99999 99999 99999 99999 99999 99999 99999 99999 99999 99999 99999 99999 99999 99999 99999 99999 99999 99999 99999 99999 99999 99999 99999 99999 99999 99999 99999 99999 99999 99999 99999 99999 99999 99999 99999 99999 99999 99999 99999 99999 99999 99999 99999 99999 99999 99999 99999 99999 99999 99999 99999 99999 99999 99999 99999 99999 99999 99999 99999 99999 99999 99999 99999 99999 99999 99999 99999 99999 99999 99999 99999 99999 99999 99999 99999 99999 99999 99999 99999 99999 99999 99999 99999 99999 99999 99999 99999 99999 99999 99999 99999 99999 99999 99999 99999 99999 99999 99999 99999 99999 99999 99999 99999 99999 99999 99999 99999 99999 99999 99999 99999 99999 99999 99999 99999 99999 99999 99999 99999 99999 99999 99999 99999 99999 99999 99999 99999 99999 99999 99999 99999 99999 99999 99999 99999 99999 99999 99999 99999 
99999 99999 99999 99999 99999 99999 99999 99999 99999 99999 99999 99999 99999 99999 99999 99999 99999 99999 99999 99999 99999 99999 99999 99999 99999 99999 99999 99999 99999 99999 99999 99999 99999 99999 99999 99999 99999 99999 99999 99999 99999 99999 99999 99999 99999 99999 99999 99999 99999 99999 99999 99999 99999 99999 99999 99999 99999 99999 99999 99999 99999 99999 99999 99999 99999 99999 99999 99999 99999 99999 99999 99999 99999 99999 99999 99999 99999 99999 99999 99999 99999 99999 99999 99999 99999 99999 99999 99999 99999 99999 99999 99999 99999 99999 99999 99999 99999 99999 99999 99999 99999 99999 99999 99999 99999 99999 99999 99999 99999 99999 99999 99999 99999 99999 99999 99999 99999 99999 99999 99999 99999 99999 99999 99999 99999 99999 99999 99999 99999 99999 99999 99999 99999 99999 99999 99999 99999 99999 99999 99999 99999 99999 99999 99999 99999 99999 99999 99999 99999 99999 99999 99999 99999 99999 99999 99999 99999 99999 99999 99999 99999 99999 99999 99999 99999 99999 99999 99999 99999 99999 99999 99999 99999 99999 99999 99999 99999 99999 99999 99999 99999 99999 99999 99999 99999 99999 99999 99999 99999 99999 99999 99999 99999 99999 99999 99999 99999 99999 99999 99999 99999 99999 99999 99999 99999 99999 99999 99999 99999 99999 99999 99999 99999 99999 99999 99999 99999 99999 99999 99999 99999 99999 99999 99999 99999 99999 99999 99999 99999 99999 99999 99999 99999 99999 99999 99999 99999 99999 99999 99999 99999 99999 99999 99999 99999 99999 99999 99999 99999 99999 99999 
99999 99999 99999 99999 99999 99999 99999 99999 99999 99999 99999 99999 99999 99999 99999 99999 99999 99999 99999 99999 99999 99999 99999 99999 99999 99999 99999 99999 99999 99999 99999 99999 99999 99999 99999 99999 99999 99999 99999 99999 99999 99999 99999 99999 99999 99999 99999 99999 99999 99999 99999 99999 99999 99999 99999 99999 99999 99999 99999 99999 99999 99999 99999 99999 99999 99999 99999 99999 99999 99999 99999 99999 99999 99999 99999 99999 99999 99999 99999 99999 99999 99999 99999 99999 99999 99999 99999 99999 99999 99999 99999 99999 99999 99999 99999 99999 99999 99999 99999 99999 99999 99999 99999 99999 99999 99999 99999 99999 99999 99999 99999 99999 99999 99999 99999 99999 99999 99999 99999 99999 99999 99999 99999 99999 99999 99999 99999 99999 99999 99999 99999 99999 99999 99999 99999 99999 99999 99999 99999 99999 99999 99999 99999 99999 99999 99999 99999 99999 99999 99999 99999 99999 99999 99999 99999 99999 99999 99999 99999 99999 99999 99999 99999 99999 99999 99999 99999 99999 99999 99999 99999 99999 99999 99999 99999 99999 99999 99999 99999 99999 99999 99999 99999 99999 99999 99999 99999 99999 99999 99999 99999 99999 99999 99999 99999 99999 99999 99999 99999 99999 99999 99999 99999 99999 99999 99999 99999 99999 99999 99999 99999 99999 99999 99999 99999 99999 99999 99999 99999 99999 99999 99999 99999 99999 99999 99999 99999 99999 99999 99999 99999 99999 99999 99999 99999 99999 99999 99999 99999 99999 99999 99999 99999 99999 99999 99999 99999 99999 99999 99999 99999 
99999 99999 99999 99999 99999 99999 99999 99999 99999 2.98 5.43 7.16 5.77 6.67 3.15 7.2 5.25 1.84 5.09 7.45 2.25 3.7 8.48 1.57 1.68 1.86 2.1 2.37 2.66 2.98 3.3 3.64 3.98 4.33 1.35 1.57 1.84 2.14 2.47 2.8 3.15 3.5 3.85 4.21 0.84 1.63 1.96 2.31 2.67 3.03 3.39 3.76 4.12 0.42 0.51 1.48 1.85 2.21 2.58 2.95 3.32 3.7 1.42 1.8 2.17 2.92 3.3 3.67 4.05 1.46 1.83 2.2 2.94 3.31 3.69 4.06 3.37 3.74 4.11 3.47 3.83 3.61 3.95 2.31 2.45 2.63 4.61 2.62 2.59 2.6 2.67 2.79 2.95 4.49 4.8 2.99 2.96 2.97 3.03 3.91 4.16 4.72 5.01 3.54 3.44 3.36 3.34 3.35 3.4 4.2 4.43 4.69 4.96 5.24 4.03 3.9 3.8 3.74 3.71 3.72 4.72 4.96 5.22 5.49 4.7 4.53 4.38 4.26 4.17 4.11 4.09 4.1 5.02 5.25 5.49 5.75 5.03 4.87 4.62 4.54 4.48 5.33 5.55 5.78 6.02 5.37 5.21 4.98 4.9 4.86 4.84 5.65 5.85 6.07 5.23 5.21 5.97 6.17 6.37 5.65 5.6 5.58 6.27 6.16 6.02 5.98 5.96 7.0 7.2 6.63 6.53 6.35 6.33 6.83 6.98 7.14 7.32 7.52 6.99 6.89 6.95 7.05 7.18 7.32 7.48 7.65 7.84 7.58 7.46 7.35 7.26 7.31 7.41 7.66 7.81 7.98 8.16 7.93 7.81 7.71 7.62 7.77 7.88 8.01 8.16 8.31 8.49 8.29 8.07 7.99 7.9 7.96 8.13 8.24 8.36 8.5 8.65 8.82 8.77 8.64 8.53 8.44 8.36 8.21 8.21 8.24 8.28 8.33 8.49 8.6 8.71 8.85 8.99 9.15 9.25 9.12 9.0 8.89 8.8 8.58 8.59 8.61 8.65 8.7 8.77 8.86 8.95 9.07 9.2 9.34 9.49 
99999 99999 99999 99999 99999 99999 99999 99999 2.98 99999 5.61 6.14 3.87 4.39 5.4 5.24 3.83 2.08 2.89 5.25 3.92 2.69 8.19 4.23 4.49 4.76 5.04 5.33 5.64 5.95 6.27 6.59 6.92 7.26 4.23 4.51 4.81 5.12 5.43 5.76 6.09 6.42 6.76 7.1 3.7 4.6 4.92 5.25 5.58 5.92 6.26 6.61 6.96 3.17 3.46 4.41 4.74 5.08 5.43 5.77 6.13 6.48 4.24 4.59 4.94 5.65 6.01 6.37 6.73 4.11 4.46 4.82 5.55 5.91 6.28 6.65 5.84 6.21 6.58 5.79 6.16 5.76 6.14 3.18 3.55 3.92 6.53 2.21 2.55 2.91 3.26 3.63 3.99 6.2 6.57 2.39 2.71 3.05 3.39 5.17 5.54 6.27 6.64 2.09 2.33 2.61 2.91 3.22 3.55 5.28 5.64 5.99 6.36 6.72 2.22 2.4 2.61 2.86 3.14 3.43 5.76 6.11 6.46 6.82 2.42 2.47 2.57 2.72 2.92 3.14 3.39 3.67 5.9 6.24 6.59 6.94 2.79 2.83 3.06 3.23 3.44 6.06 6.4 6.74 7.08 3.17 3.2 3.41 3.56 3.75 3.96 6.25 6.57 6.9 4.07 4.27 6.44 6.76 7.08 4.24 4.4 4.58 4.32 4.38 4.59 4.74 4.91 7.48 7.8 4.69 4.75 5.08 5.24 6.84 7.12 7.41 7.71 8.01 5.06 5.12 6.6 6.85 7.11 7.37 7.65 7.94 8.23 5.42 5.42 5.44 5.49 6.89 7.13 7.64 7.9 8.18 8.47 5.79 5.79 5.81 5.86 7.42 7.66 7.91 8.17 8.43 8.71 6.17 6.18 6.23 7.09 7.29 7.71 7.94 8.18 8.44 8.7 8.96 6.57 6.54 6.54 6.56 6.6 6.96 7.1 7.25 7.42 7.61 8.01 8.24 8.47 8.71 8.97 9.23 6.98 6.94 6.92 6.92 6.93 7.31 7.44 7.59 7.75 7.93 8.12 8.32 8.54 8.76 9.0 9.24 9.5 
99999 99999 99999 99999 99999 99999 99999 99999 5.43 5.61 99999 2.74 3.84 4.93 3.94 4.52 2.94 4.04 4.34 5.16 3.38 3.0 3.08 6.81 6.72 6.65 6.61 6.59 6.58 6.6 6.64 6.7 6.78 6.88 6.35 6.28 6.24 6.21 6.21 6.23 6.27 6.33 6.42 6.53 6.08 5.86 5.84 5.83 5.85 5.9 5.97 6.06 6.17 5.85 5.72 5.49 5.46 5.46 5.48 5.53 5.6 5.7 5.12 5.09 5.08 5.16 5.24 5.34 5.47 4.75 4.71 4.71 4.79 4.87 4.98 5.12 4.51 4.63 4.78 4.15 4.28 3.8 3.94 3.14 3.0 2.9 3.48 3.49 3.24 3.01 2.81 2.65 2.53 2.96 3.18 3.24 2.96 2.71 2.48 2.14 2.26 2.65 2.9 3.65 3.33 3.01 2.71 2.43 2.18 1.78 1.93 2.13 2.37 2.64 3.84 3.5 3.15 2.82 2.49 2.18 1.6 1.84 2.11 2.42 4.46 4.09 3.73 3.37 3.01 2.66 2.31 1.98 1.31 1.59 1.9 2.23 4.4 4.02 3.28 2.92 2.55 1.07 1.4 1.74 2.1 4.36 3.99 3.24 2.86 2.49 2.12 0.92 1.28 1.66 2.49 2.11 0.91 1.28 1.65 2.91 2.54 2.18 4.09 3.72 3.0 2.65 2.3 1.88 2.22 4.19 3.83 2.8 2.47 1.39 1.57 1.81 2.09 2.4 4.32 3.97 1.68 1.67 1.75 1.89 2.1 2.34 2.62 5.15 4.81 4.48 4.15 2.06 2.05 2.23 2.41 2.62 2.87 5.31 4.98 4.66 4.34 2.42 2.47 2.58 2.73 2.92 3.15 5.49 4.86 4.56 2.96 2.86 2.8 2.84 2.93 3.07 3.24 3.45 6.01 5.69 5.39 5.09 4.8 3.81 3.61 3.45 3.32 3.23 3.17 3.21 3.29 3.41 3.57 3.76 6.53 6.22 5.91 5.62 5.33 4.12 3.94 3.79 3.68 3.6 3.55 3.55 3.58 3.65 3.76 3.91 4.08 
99999 99999 99999 99999 99999 99999 99999 99999 7.16 6.14 2.74 99999 2.66 3.27 6.51 2.39 2.32 5.4 3.66 3.07 5.57 3.63 2.54 8.7 8.71 8.73 8.77 8.83 8.9 8.99 9.09 9.2 9.33 9.48 8.33 8.36 8.4 8.46 8.53 8.62 8.73 8.85 8.98 9.13 7.95 8.03 8.09 8.17 8.26 8.37 8.5 8.64 8.79 7.58 7.57 7.66 7.72 7.8 7.9 8.02 8.15 8.29 7.29 7.35 7.44 7.66 7.8 7.95 8.12 6.92 6.99 7.08 7.31 7.46 7.62 7.79 7.12 7.28 7.46 6.78 6.95 6.44 6.63 4.96 5.01 5.08 6.21 4.63 4.59 4.57 4.59 4.64 4.71 5.69 5.92 4.26 4.21 4.2 4.22 4.77 4.96 5.39 5.64 4.1 3.98 3.89 3.84 3.82 3.84 4.44 4.64 4.87 5.11 5.36 3.92 3.76 3.62 3.53 3.47 3.45 4.34 4.58 4.83 5.1 4.03 3.8 3.59 3.41 3.27 3.16 3.09 3.07 4.05 4.3 4.57 4.86 3.76 3.51 3.08 2.92 2.8 3.77 4.04 4.33 4.63 3.5 3.23 2.76 2.58 2.44 2.35 3.51 3.8 4.11 2.08 1.98 3.28 3.59 3.91 1.93 1.74 1.61 2.54 2.22 1.64 1.41 1.25 3.59 3.95 2.39 2.04 1.11 0.9 2.41 2.76 3.12 3.48 3.85 2.28 1.92 1.57 1.94 2.3 2.67 3.04 3.41 3.79 2.99 2.62 2.24 1.87 1.51 1.89 2.64 3.01 3.39 3.76 3.01 2.63 2.26 1.89 1.91 2.28 2.65 3.03 3.4 3.77 3.07 2.34 1.98 1.02 1.32 2.0 2.36 2.72 3.09 3.45 3.82 3.53 3.17 2.82 2.47 2.14 1.11 1.05 1.12 1.3 1.55 2.16 2.49 2.84 3.19 3.54 3.9 4.0 3.66 3.31 2.98 2.66 1.47 1.43 1.48 1.62 1.82 2.08 2.36 2.67 3.0 3.33 3.67 4.02 
99999 99999 99999 99999 99999 99999 99999 99999 5.77 3.87 3.84 2.66 99999 1.16 6.36 1.44 0.93 3.94 1.06 1.74 4.97 2.17 5.14 7.33 7.44 7.57 7.72 7.88 8.06 8.25 8.46 8.67 8.89 9.13 7.09 7.23 7.38 7.55 7.74 7.94 8.15 8.37 8.6 8.84 6.61 7.05 7.22 7.42 7.62 7.84 8.07 8.31 8.57 6.14 6.26 6.71 6.9 7.1 7.32 7.55 7.79 8.04 6.39 6.58 6.79 7.26 7.51 7.76 8.03 6.07 6.27 6.49 6.98 7.23 7.5 7.78 6.97 7.25 7.54 6.72 7.01 6.48 6.78 4.09 4.33 4.58 6.69 3.19 3.36 3.57 3.8 4.05 4.32 6.18 6.51 2.85 3.05 3.27 3.52 5.01 5.34 6.01 6.35 2.23 2.35 2.53 2.74 2.99 3.26 4.83 5.17 5.52 5.86 6.21 1.79 1.87 2.02 2.22 2.46 2.73 5.03 5.38 5.74 6.09 1.5 1.41 1.42 1.52 1.69 1.93 2.21 2.51 4.91 5.27 5.63 6.0 1.16 1.04 1.18 1.4 1.68 4.82 5.18 5.55 5.92 0.85 0.67 0.87 1.16 1.48 1.82 4.75 5.12 5.49 1.36 1.73 4.71 5.09 5.46 0.96 1.33 1.71 0.5 0.52 1.07 1.41 1.77 5.48 5.85 0.87 0.87 1.58 1.9 4.41 4.78 5.15 5.52 5.89 1.24 1.24 3.78 4.14 4.5 4.86 5.23 5.59 5.96 1.85 1.69 1.61 1.61 3.92 4.27 4.97 5.33 5.68 6.05 2.18 2.05 1.98 1.99 4.42 4.76 5.1 5.45 5.8 6.16 2.52 2.36 2.36 3.68 3.97 4.6 4.93 5.26 5.6 5.94 6.29 3.02 2.88 2.78 2.73 2.73 3.21 3.43 3.67 3.93 4.21 4.8 5.12 5.44 5.76 6.1 6.44 3.52 3.36 3.23 3.15 3.1 3.54 3.73 3.95 4.2 4.46 4.74 5.02 5.32 5.63 5.95 6.27 6.6 
99999 99999 99999 99999 99999 99999 99999 99999 6.67 4.39 4.93 3.27 1.16 99999 7.49 1.1 2.08 4.88 1.59 0.86 6.07 3.24 5.82 8.2 8.35 8.51 8.68 8.87 9.07 9.28 9.5 9.73 9.97 10.22 8.01 8.18 8.36 8.55 8.76 8.98 9.21 9.44 9.69 9.94 7.51 8.04 8.24 8.45 8.68 8.92 9.16 9.41 9.68 7.01 7.17 7.72 7.93 8.15 8.39 8.63 8.88 9.15 7.41 7.63 7.86 8.35 8.61 8.88 9.16 7.1 7.33 7.57 8.08 8.35 8.63 8.92 8.1 8.39 8.68 7.86 8.15 7.63 7.93 5.17 5.43 5.7 7.85 4.18 4.4 4.65 4.9 5.17 5.46 7.34 7.67 3.88 4.12 4.37 4.65 6.17 6.5 7.17 7.51 3.15 3.35 3.59 3.84 4.12 4.4 5.99 6.33 6.67 7.01 7.36 2.64 2.83 3.06 3.31 3.59 3.88 6.18 6.53 6.88 7.23 2.02 2.14 2.31 2.53 2.78 3.06 3.35 3.66 6.05 6.4 6.76 7.12 1.66 1.8 2.25 2.53 2.83 5.93 6.3 6.66 7.02 1.3 1.48 2.0 2.31 2.64 2.98 5.84 6.21 6.58 2.49 2.84 5.78 6.15 6.52 2.02 2.39 2.76 0.85 1.22 1.97 2.34 2.72 6.47 6.84 0.89 1.25 2.36 2.73 5.35 5.72 6.1 6.47 6.85 1.07 1.38 4.64 5.01 5.38 5.75 6.13 6.5 6.87 1.04 1.13 1.33 1.6 4.71 5.07 5.81 6.18 6.55 6.92 1.41 1.48 1.64 1.86 5.16 5.52 5.89 6.25 6.62 6.98 1.79 1.97 2.16 4.24 4.58 5.28 5.63 5.99 6.35 6.71 7.07 2.18 2.16 2.21 2.32 2.48 3.47 3.77 4.08 4.41 4.74 5.42 5.76 6.11 6.46 6.82 7.17 2.62 2.55 2.53 2.58 2.67 3.71 4.0 4.29 4.6 4.92 5.24 5.58 5.91 6.25 6.6 6.94 7.3 
99999 99999 99999 99999 99999 99999 99999 99999 3.15 5.4 3.94 6.51 6.36 7.49 99999 7.58 5.51 3.36 6.18 8.07 1.55 4.31 6.86 3.79 3.54 3.32 3.12 2.96 2.84 2.77 2.74 2.77 2.84 2.97 3.26 3.02 2.8 2.62 2.48 2.39 2.37 2.4 2.48 2.62 3.29 2.49 2.28 2.13 2.03 1.99 2.03 2.13 2.29 3.4 3.08 2.2 1.97 1.78 1.66 1.62 1.66 1.78 1.94 1.67 1.45 1.24 1.3 1.45 1.68 1.73 1.41 1.14 0.87 0.95 1.15 1.42 0.62 0.9 1.23 0.4 0.77 0.46 0.8 2.46 2.12 1.8 1.52 3.64 3.3 2.96 2.64 2.33 2.04 1.58 1.79 3.8 3.47 3.15 2.85 1.8 1.76 1.91 2.09 4.64 4.31 3.99 3.68 3.38 3.1 2.17 2.13 2.17 2.26 2.42 5.15 4.82 4.51 4.2 3.91 3.63 2.51 2.54 2.62 2.75 5.98 5.66 5.34 5.03 4.73 4.43 4.16 3.9 2.88 2.91 2.98 3.1 6.17 5.86 5.25 4.96 4.69 3.26 3.28 3.35 3.45 6.38 6.08 5.49 5.22 4.96 4.71 3.63 3.65 3.71 5.24 5.0 4.01 4.03 4.08 5.76 5.53 5.31 6.81 6.55 6.05 5.83 5.62 4.82 4.89 7.08 6.82 6.14 5.94 5.15 5.13 5.15 5.19 5.26 7.35 7.11 5.62 5.56 5.52 5.51 5.52 5.56 5.62 8.14 7.88 7.64 7.4 5.99 5.93 5.88 5.9 5.93 5.99 8.41 8.17 7.93 7.7 6.3 6.27 6.26 6.27 6.3 6.36 8.69 8.23 8.01 6.89 6.8 6.68 6.64 6.63 6.64 6.68 6.73 9.22 8.98 8.75 8.53 8.33 7.62 7.48 7.36 7.25 7.17 7.05 7.02 7.01 7.02 7.05 7.1 9.75 9.51 9.28 9.06 8.84 7.97 7.83 7.72 7.62 7.53 7.47 7.42 7.39 7.38 7.39 7.42 7.47 
99999 99999 99999 99999 99999 99999 99999 99999 7.2 5.24 4.52 2.39 1.44 1.1 7.58 99999 2.09 5.37 2.35 0.69 6.28 3.56 4.9 8.77 8.88 9.0 9.14 9.29 9.45 9.63 9.81 10.01 10.22 10.43 8.52 8.65 8.79 8.95 9.12 9.3 9.49 9.69 9.91 10.13 8.05 8.45 8.61 8.79 8.98 9.17 9.38 9.61 9.83 7.58 7.69 8.11 8.28 8.46 8.66 8.86 9.08 9.31 7.77 7.95 8.14 8.56 8.78 9.02 9.26 7.44 7.63 7.82 8.26 8.49 8.73 8.98 8.2 8.45 8.71 7.92 8.18 7.65 7.92 5.44 5.64 5.86 7.72 4.61 4.76 4.93 5.12 5.33 5.56 7.2 7.5 4.26 4.42 4.6 4.81 6.08 6.37 6.98 7.29 3.67 3.78 3.92 4.09 4.29 4.51 5.85 6.15 6.46 6.77 7.09 3.23 3.31 3.43 3.58 3.77 3.98 5.94 6.26 6.58 6.91 2.82 2.81 2.86 2.95 3.08 3.25 3.46 3.69 5.75 6.08 6.41 6.75 2.45 2.44 2.59 2.74 2.93 5.57 5.91 6.26 6.6 2.07 2.06 2.24 2.42 2.63 2.88 5.42 5.77 6.12 2.35 2.62 5.29 5.64 6.0 1.82 2.1 2.4 0.94 1.07 1.57 1.89 2.22 5.84 6.21 0.58 0.76 1.73 2.09 4.67 5.04 5.42 5.79 6.16 0.23 0.54 3.89 4.27 4.64 5.02 5.39 5.76 6.14 0.64 0.3 0.23 0.55 3.89 4.27 5.02 5.39 5.77 6.14 0.83 0.61 0.58 0.76 4.3 4.67 5.04 5.42 5.79 6.16 1.12 0.95 1.07 3.27 3.64 4.36 4.73 5.1 5.47 5.84 6.21 1.64 1.45 1.34 1.32 1.41 2.4 2.73 3.06 3.4 3.75 4.46 4.82 5.18 5.55 5.91 6.28 2.17 1.96 1.8 1.71 1.7 2.63 2.92 3.24 3.56 3.9 4.24 4.58 4.94 5.29 5.65 6.0 6.37 
99999 99999 99999 99999 99999 99999 99999 99999 5.25 3.83 2.94 2.32 0.93 2.08 5.51 2.09 99999 3.4 1.5 2.56 4.18 1.55 4.6 6.81 6.89 6.99 7.1 7.23 7.38 7.54 7.72 7.92 8.12 8.34 6.53 6.63 6.75 6.89 7.04 7.21 7.4 7.6 7.81 8.04 6.08 6.4 6.54 6.71 6.89 7.08 7.29 7.51 7.75 5.64 5.71 6.05 6.2 6.38 6.56 6.77 6.99 7.22 5.7 5.87 6.05 6.46 6.69 6.93 7.19 5.36 5.54 5.73 6.17 6.41 6.66 6.92 6.13 6.39 6.66 5.86 6.14 5.61 5.89 3.35 3.55 3.76 5.77 2.62 2.71 2.85 3.03 3.24 3.48 5.26 5.59 2.25 2.36 2.51 2.71 4.1 4.42 5.08 5.42 1.86 1.83 1.89 2.01 2.19 2.42 3.91 4.25 4.59 4.93 5.28 1.6 1.49 1.46 1.53 1.68 1.89 4.1 4.45 4.81 5.17 1.78 1.5 1.27 1.12 1.08 1.17 1.36 1.62 3.98 4.34 4.71 5.07 1.59 1.26 0.77 0.71 0.84 3.9 4.26 4.63 5.01 1.46 1.1 0.44 0.34 0.56 0.89 3.84 4.22 4.59 0.46 0.83 3.83 4.21 4.58 0.43 0.62 0.93 1.31 1.04 0.8 0.91 1.15 4.65 5.02 1.57 1.35 1.25 1.43 3.65 4.0 4.36 4.73 5.09 1.86 1.68 3.11 3.45 3.78 4.13 4.48 4.83 5.19 2.63 2.39 2.18 2.03 3.32 3.63 4.28 4.62 4.97 5.31 2.91 2.7 2.52 2.39 3.84 4.15 4.46 4.79 5.12 5.46 3.22 2.87 2.75 3.31 3.54 4.08 4.37 4.67 4.98 5.3 5.63 3.74 3.53 3.36 3.22 3.12 3.15 3.27 3.43 3.62 3.83 4.33 4.6 4.89 5.19 5.5 5.82 4.26 4.05 3.86 3.7 3.57 3.52 3.62 3.77 3.94 4.14 4.36 4.6 4.86 5.13 5.42 5.72 6.02 
99999 99999 99999 99999 99999 99999 99999 99999 1.84 2.08 4.04 5.4 3.94 4.88 3.36 5.37 3.4 99999 3.34 5.64 1.85 1.86 6.96 3.41 3.51 3.64 3.8 3.99 4.21 4.45 4.71 4.98 5.26 5.56 3.15 3.3 3.48 3.69 3.92 4.18 4.45 4.73 5.03 5.34 2.68 3.16 3.39 3.65 3.92 4.21 4.51 4.82 5.14 2.24 2.32 2.86 3.11 3.39 3.68 3.99 4.3 4.63 2.58 2.86 3.16 3.79 4.12 4.46 4.8 2.33 2.63 2.95 3.62 3.97 4.32 4.67 3.85 4.21 4.57 3.76 4.12 3.7 4.08 1.14 1.49 1.86 4.46 0.78 0.84 1.04 1.32 1.64 1.97 4.14 4.5 1.16 1.2 1.35 1.57 3.16 3.51 4.22 4.58 1.73 1.59 1.53 1.56 1.68 1.86 3.31 3.65 3.99 4.34 4.69 2.25 2.07 1.96 1.91 1.93 2.03 3.82 4.15 4.49 4.83 2.99 2.77 2.57 2.42 2.32 2.28 2.3 2.38 4.02 4.34 4.66 4.99 3.29 3.08 2.78 2.69 2.66 4.25 4.54 4.85 5.17 3.6 3.41 3.14 3.06 3.03 3.05 4.49 4.77 5.07 3.41 3.42 4.75 5.02 5.3 3.81 3.78 3.79 4.44 4.32 4.18 4.16 4.17 5.81 6.08 4.79 4.68 4.53 4.54 5.4 5.61 5.84 6.09 6.34 5.15 5.05 5.37 5.53 5.72 5.92 6.14 6.37 6.61 5.77 5.63 5.51 5.41 5.72 5.87 6.23 6.44 6.66 6.9 6.11 5.98 5.87 5.78 6.21 6.37 6.55 6.75 6.96 7.19 6.46 6.23 6.15 6.2 6.3 6.55 6.71 6.88 7.07 7.27 7.49 6.95 6.81 6.69 6.59 6.52 6.41 6.44 6.49 6.57 6.66 6.9 7.05 7.21 7.39 7.59 7.79 7.44 7.3 7.17 7.05 6.96 6.79 6.82 6.86 6.93 7.02 7.13 7.25 7.39 7.55 7.72 7.9 8.1 
99999 99999 99999 99999 99999 99999 99999 99999 5.09 2.89 4.34 3.66 1.06 1.59 6.18 2.35 1.5 3.34 99999 2.41 4.69 1.88 6.06 6.62 6.77 6.94 7.13 7.33 7.55 7.77 8.01 8.26 8.52 8.78 6.43 6.62 6.81 7.02 7.25 7.48 7.73 7.99 8.25 8.53 5.93 6.5 6.72 6.95 7.2 7.46 7.72 8.0 8.28 5.43 5.6 6.2 6.43 6.67 6.93 7.19 7.47 7.75 5.9 6.14 6.4 6.94 7.22 7.52 7.82 5.61 5.87 6.13 6.7 6.99 7.29 7.6 6.77 7.08 7.4 6.57 6.89 6.38 6.71 3.77 4.07 4.38 6.75 2.69 2.95 3.24 3.55 3.87 4.19 6.27 6.63 2.42 2.72 3.03 3.35 5.08 5.44 6.16 6.52 1.63 1.9 2.2 2.52 2.85 3.19 4.98 5.34 5.71 6.08 6.44 1.1 1.37 1.68 2.01 2.36 2.71 5.27 5.64 6.01 6.38 0.47 0.57 0.84 1.17 1.53 1.89 2.25 2.62 5.22 5.6 5.97 6.34 0.1 0.34 1.08 1.45 1.83 5.2 5.58 5.95 6.33 0.29 0.43 1.11 1.48 1.85 2.22 5.21 5.58 5.96 1.94 2.3 5.24 5.62 5.99 1.78 2.1 2.43 1.44 1.57 2.02 2.31 2.61 6.12 6.48 1.81 1.92 2.55 2.83 5.15 5.5 5.85 6.21 6.57 2.18 2.27 4.61 4.95 5.29 5.63 5.98 6.33 6.68 2.57 2.53 2.55 2.63 4.8 5.12 5.79 6.12 6.47 6.81 2.94 2.91 2.93 2.99 5.32 5.63 5.96 6.29 6.62 6.96 3.31 3.3 3.36 4.67 4.95 5.53 5.84 6.15 6.47 6.8 7.13 3.74 3.68 3.66 3.67 3.72 4.27 4.47 4.7 4.94 5.2 5.76 6.06 6.36 6.67 6.99 7.31 4.2 4.11 4.05 4.03 4.05 4.59 4.79 5.0 5.23 5.47 5.73 6.01 6.29 6.58 6.88 7.19 7.5 
99999 99999 99999 99999 99999 99999 99999 99999 7.45 5.25 5.16 3.07 1.74 0.86 8.07 0.69 2.56 5.64 2.41 99999 6.71 3.91 5.56 9.0 9.13 9.28 9.44 9.61 9.8 9.99 10.2 10.41 10.63 10.87 8.79 8.94 9.11 9.29 9.48 9.68 9.89 10.11 10.34 10.58 8.3 8.78 8.96 9.16 9.37 9.58 9.81 10.05 10.29 7.81 7.95 8.45 8.64 8.84 9.06 9.29 9.52 9.76 8.12 8.32 8.54 8.99 9.23 9.49 9.74 7.81 8.01 8.23 8.71 8.96 9.21 9.48 8.68 8.95 9.22 8.42 8.69 8.16 8.45 5.83 6.06 6.31 8.29 4.91 5.1 5.31 5.54 5.78 6.03 7.77 8.08 4.59 4.79 5.01 5.25 6.63 6.94 7.57 7.89 3.91 4.08 4.27 4.48 4.72 4.97 6.42 6.73 7.05 7.38 7.71 3.42 3.57 3.75 3.96 4.19 4.44 6.54 6.87 7.2 7.54 2.87 2.95 3.07 3.24 3.44 3.66 3.91 4.18 6.36 6.7 7.04 7.39 2.5 2.59 2.92 3.14 3.38 6.21 6.55 6.9 7.25 2.13 2.24 2.61 2.85 3.12 3.41 6.07 6.42 6.78 2.88 3.19 5.95 6.31 6.67 2.36 2.68 3.01 1.26 1.53 2.17 2.51 2.86 6.52 6.89 1.01 1.33 2.4 2.76 5.36 5.73 6.1 6.48 6.85 0.85 1.22 4.58 4.95 5.33 5.7 6.08 6.45 6.83 0.18 0.48 0.84 1.21 4.58 4.95 5.7 6.08 6.45 6.83 0.55 0.71 0.99 1.32 4.98 5.35 5.72 6.1 6.47 6.85 0.92 1.23 1.51 3.93 4.3 5.03 5.4 5.77 6.14 6.51 6.89 1.33 1.3 1.37 1.53 1.76 2.99 3.34 3.68 4.04 4.39 5.12 5.48 5.84 6.21 6.58 6.95 1.8 1.7 1.67 1.73 1.86 3.17 3.5 3.83 4.17 4.52 4.87 5.22 5.58 5.94 6.3 6.66 7.03 
99999 99999 99999 99999 99999 99999 99999 99999 2.25 3.92 3.38 5.57 4.97 6.07 1.55 6.28 4.18 1.85 4.69 6.71 99999 2.84 6.46 3.45 3.35 3.28 3.25 3.27 3.33 3.43 3.57 3.74 3.94 4.16 2.98 2.91 2.88 2.9 2.97 3.08 3.23 3.42 3.63 3.87 2.76 2.5 2.53 2.6 2.73 2.9 3.11 3.34 3.6 2.62 2.42 2.13 2.16 2.25 2.39 2.58 2.81 3.07 1.75 1.79 1.89 2.29 2.54 2.83 3.13 1.38 1.42 1.55 2.01 2.3 2.61 2.94 2.1 2.43 2.78 1.95 2.31 1.86 2.23 0.93 0.64 0.5 2.64 2.1 1.76 1.45 1.17 0.96 0.87 2.38 2.74 2.28 1.98 1.7 1.47 1.66 1.93 2.54 2.88 3.11 2.8 2.5 2.23 1.99 1.8 1.96 2.19 2.46 2.75 3.06 3.63 3.32 3.03 2.76 2.52 2.31 2.48 2.72 2.98 3.27 4.46 4.15 3.85 3.56 3.29 3.04 2.82 2.64 2.79 3.0 3.25 3.51 4.67 4.38 3.82 3.57 3.34 3.11 3.31 3.53 3.78 4.9 4.62 4.1 3.87 3.66 3.48 3.45 3.63 3.83 3.98 3.82 3.79 3.95 4.14 4.49 4.32 4.16 5.44 5.22 4.82 4.66 4.52 4.79 4.98 5.74 5.53 5.0 4.87 4.75 4.85 4.98 5.13 5.3 6.05 5.85 5.01 5.05 5.12 5.21 5.33 5.47 5.63 6.79 6.57 6.36 6.17 5.38 5.42 5.57 5.68 5.81 5.97 7.09 6.88 6.68 6.5 5.79 5.85 5.93 6.04 6.16 6.31 7.4 7.01 6.83 6.14 6.12 6.16 6.22 6.3 6.39 6.51 6.65 7.92 7.71 7.52 7.34 7.17 6.68 6.6 6.54 6.51 6.5 6.54 6.59 6.66 6.75 6.87 7.0 8.44 8.23 8.03 7.84 7.67 7.04 6.97 6.92 6.88 6.87 6.88 6.91 6.96 7.03 7.12 7.22 7.35 
99999 99999 99999 99999 99999 99999 99999 99999 3.7 2.69 3.0 3.63 2.17 3.24 4.31 3.56 1.55 1.86 1.88 3.91 2.84 99999 5.51 5.27 5.35 5.45 5.58 5.73 5.89 6.08 6.29 6.5 6.74 6.98 4.98 5.09 5.23 5.39 5.57 5.77 5.98 6.21 6.45 6.71 4.53 4.89 5.06 5.25 5.46 5.68 5.92 6.18 6.45 4.1 4.17 4.55 4.73 4.93 5.16 5.4 5.65 5.92 4.22 4.41 4.63 5.12 5.39 5.67 5.96 3.9 4.11 4.34 4.86 5.14 5.43 5.73 4.9 5.21 5.52 4.69 5.01 4.49 4.83 1.94 2.21 2.5 4.89 1.08 1.2 1.41 1.68 1.98 2.31 4.43 4.8 0.71 0.88 1.15 1.47 3.25 3.62 4.36 4.73 0.65 0.37 0.36 0.63 0.98 1.34 3.19 3.57 3.94 4.31 4.69 0.95 0.58 0.21 0.19 0.56 0.93 3.55 3.93 4.3 4.68 1.75 1.39 1.04 0.72 0.48 0.47 0.71 1.03 3.58 3.95 4.32 4.7 1.88 1.55 1.0 0.84 0.83 3.64 4.01 4.38 4.75 2.07 1.78 1.32 1.21 1.2 1.31 3.75 4.1 4.46 1.57 1.66 3.88 4.23 4.58 1.95 1.95 2.02 2.67 2.5 2.32 2.32 2.38 4.89 5.22 3.0 2.85 2.7 2.75 4.16 4.46 4.76 5.07 5.4 3.34 3.21 3.91 4.15 4.41 4.69 4.98 5.28 5.59 4.02 3.84 3.68 3.57 4.21 4.44 4.94 5.22 5.51 5.81 4.34 4.18 4.04 3.93 4.73 4.96 5.21 5.48 5.75 6.04 4.67 4.39 4.3 4.51 4.67 5.04 5.26 5.49 5.74 6.01 6.28 5.18 5.01 4.87 4.75 4.66 4.6 4.66 4.75 4.86 5.0 5.36 5.56 5.78 6.02 6.27 6.54 5.69 5.51 5.36 5.22 5.11 4.97 5.03 5.11 5.22 5.35 5.5 5.68 5.87 6.08 6.31 6.55 6.8 
99999 99999 99999 99999 99999 99999 99999 99999 8.48 8.19 3.08 2.54 5.14 5.82 6.86 4.9 4.6 6.96 6.06 5.56 6.46 5.51 99999 9.88 9.8 9.73 9.68 9.63 9.61 9.6 9.6 9.62 9.65 9.69 9.43 9.36 9.3 9.26 9.23 9.22 9.22 9.24 9.27 9.32 9.16 8.93 8.89 8.86 8.85 8.85 8.87 8.9 8.95 8.9 8.8 8.56 8.51 8.48 8.47 8.47 8.49 8.53 8.19 8.14 8.11 8.1 8.12 8.16 8.21 7.82 7.77 7.74 7.72 7.75 7.79 7.84 7.37 7.41 7.47 7.0 7.04 6.63 6.67 6.18 6.07 5.98 6.01 6.3 6.12 5.96 5.82 5.7 5.61 5.56 5.64 5.97 5.79 5.62 5.47 5.1 5.1 5.19 5.28 6.1 5.87 5.66 5.46 5.28 5.12 4.72 4.73 4.76 4.83 4.92 6.07 5.82 5.58 5.35 5.14 4.95 4.35 4.39 4.46 4.56 6.38 6.09 5.81 5.54 5.29 5.05 4.83 4.62 3.98 4.02 4.1 4.2 6.15 5.85 5.28 5.01 4.76 3.6 3.65 3.73 3.85 5.94 5.63 5.03 4.75 4.48 4.23 3.23 3.28 3.37 4.22 3.95 2.86 2.91 3.02 4.28 3.98 3.69 5.07 4.73 4.07 3.76 3.45 2.32 2.51 4.93 4.58 3.56 3.24 1.72 1.74 1.83 1.99 2.21 4.81 4.45 1.6 1.43 1.35 1.37 1.49 1.68 1.93 5.46 5.09 4.72 4.35 1.3 1.09 1.0 1.16 1.4 1.69 5.4 5.03 4.66 4.29 0.77 0.61 0.65 0.87 1.17 1.5 5.37 4.62 4.25 1.63 1.26 0.54 0.25 0.34 0.67 1.03 1.4 5.75 5.37 5.0 4.62 4.25 2.75 2.37 2.0 1.63 1.25 0.52 0.2 0.3 0.65 1.02 1.39 6.14 5.77 5.4 5.02 4.65 2.8 2.43 2.06 1.7 1.35 1.02 0.72 0.54 0.59 0.82 1.14 1.48 
99999 99999 99999 99999 99999 99999 99999 99999 1.57 4.23 6.81 8.7 7.33 8.2 3.79 8.77 6.81 3.41 6.62 9.0 3.45 5.27 9.88 99999 0.38 0.75 1.12 1.5 1.88 2.25 2.62 3.0 3.38 3.75 0.53 0.84 1.19 1.55 1.91 2.28 2.65 3.02 3.4 3.77 0.75 1.35 1.68 2.02 2.37 2.73 3.09 3.46 3.82 1.19 1.12 1.59 1.88 2.19 2.52 2.86 3.2 3.56 1.88 2.12 2.4 3.02 3.35 3.69 4.04 2.19 2.4 2.65 3.23 3.54 3.86 4.19 3.75 4.06 4.37 3.99 4.28 4.24 4.52 3.77 3.82 3.92 5.3 4.19 4.14 4.12 4.14 4.19 4.28 5.33 5.57 4.56 4.52 4.5 4.52 5.03 5.21 5.62 5.86 5.1 5.0 4.93 4.89 4.88 4.89 5.37 5.54 5.72 5.93 6.15 5.57 5.46 5.37 5.3 5.26 5.25 5.87 6.05 6.24 6.45 6.21 6.06 5.93 5.82 5.74 5.67 5.64 5.62 6.21 6.38 6.56 6.76 6.55 6.41 6.18 6.1 6.05 6.55 6.71 6.88 7.08 6.89 6.76 6.55 6.47 6.42 6.39 6.89 7.05 7.21 6.79 6.76 7.24 7.39 7.55 7.21 7.16 7.13 7.83 7.73 7.58 7.54 7.51 8.22 8.39 8.19 8.1 7.91 7.88 8.19 8.3 8.43 8.57 8.72 8.55 8.46 8.39 8.46 8.55 8.66 8.78 8.91 9.06 9.13 9.02 8.91 8.83 8.75 8.83 9.02 9.13 9.26 9.4 9.49 9.38 9.28 9.19 9.19 9.28 9.38 9.49 9.61 9.75 9.84 9.64 9.56 9.4 9.44 9.56 9.64 9.74 9.84 9.96 10.1 10.32 10.2 10.1 10.01 9.93 9.76 9.75 9.76 9.78 9.81 9.93 10.01 10.1 10.2 10.32 10.45 10.8 10.67 10.56 10.46 10.37 10.13 10.12 10.13 10.15 10.19 10.24 10.3 10.37 10.46 10.56 10.67 10.8 
99999 99999 99999 99999 99999 99999 99999 99999 1.68 4.49 6.72 8.71 7.44 8.35 3.54 8.88 6.89 3.51 6.77 9.13 3.35 5.35 9.8 0.38 99999 0.38 0.75 1.12 1.5 1.88 2.25 2.62 3.0 3.38 0.38 0.53 0.84 1.19 1.55 1.91 2.28 2.65 3.02 3.4 0.84 1.06 1.35 1.68 2.02 2.37 2.73 3.09 3.46 1.35 1.19 1.35 1.59 1.88 2.19 2.52 2.86 3.2 1.68 1.88 2.12 2.7 3.02 3.35 3.69 2.02 2.19 2.4 2.93 3.23 3.54 3.86 3.46 3.75 4.06 3.71 3.99 3.99 4.24 3.75 3.77 3.82 5.05 4.28 4.19 4.14 4.12 4.14 4.19 5.1 5.33 4.64 4.56 4.52 4.5 4.88 5.03 5.41 5.62 5.22 5.1 5.0 4.93 4.89 4.88 5.22 5.37 5.54 5.72 5.93 5.71 5.57 5.46 5.37 5.3 5.26 5.71 5.87 6.05 6.24 6.38 6.21 6.06 5.93 5.82 5.74 5.67 5.64 6.06 6.21 6.38 6.56 6.71 6.55 6.29 6.18 6.1 6.41 6.55 6.71 6.88 7.05 6.89 6.65 6.55 6.47 6.42 6.76 6.89 7.05 6.84 6.79 7.12 7.24 7.39 7.28 7.21 7.16 7.95 7.83 7.65 7.58 7.54 8.08 8.22 8.3 8.19 7.95 7.91 8.1 8.19 8.3 8.43 8.57 8.66 8.55 8.33 8.39 8.46 8.55 8.66 8.78 8.91 9.26 9.13 9.02 8.91 8.7 8.75 8.91 9.02 9.13 9.26 9.61 9.49 9.38 9.28 9.12 9.19 9.28 9.38 9.49 9.61 9.96 9.74 9.64 9.38 9.4 9.49 9.56 9.64 9.74 9.84 9.96 10.45 10.32 10.2 10.1 10.01 9.78 9.76 9.75 9.76 9.78 9.86 9.93 10.01 10.1 10.2 10.32 10.93 10.8 10.67 10.56 10.46 10.15 10.13 10.12 10.13 10.15 10.19 10.24 10.3 10.37 10.46 10.56 10.67 
99999 99999 99999 99999 99999 99999 99999 99999 1.86 4.76 6.65 8.73 7.57 8.51 3.32 9.0 6.99 3.64 6.94 9.28 3.28 5.45 9.73 0.75 0.38 99999 0.38 0.75 1.12 1.5 1.88 2.25 2.62 3.0 0.53 0.38 0.53 0.84 1.19 1.55 1.91 2.28 2.65 3.02 1.06 0.84 1.06 1.35 1.68 2.02 2.37 2.73 3.09 1.59 1.35 1.19 1.35 1.59 1.88 2.19 2.52 2.86 1.55 1.68 1.88 2.4 2.7 3.02 3.35 1.91 2.02 2.19 2.65 2.93 3.23 3.54 3.18 3.46 3.75 3.46 3.71 3.75 3.99 3.77 3.75 3.77 4.8 4.39 4.28 4.19 4.14 4.12 4.14 4.89 5.1 4.74 4.64 4.56 4.52 4.74 4.88 5.21 5.41 5.37 5.22 5.1 5.0 4.93 4.89 5.1 5.22 5.37 5.54 5.72 5.87 5.71 5.57 5.46 5.37 5.3 5.57 5.71 5.87 6.05 6.56 6.38 6.21 6.06 5.93 5.82 5.74 5.67 5.93 6.06 6.21 6.38 6.88 6.71 6.41 6.29 6.18 6.29 6.41 6.55 6.71 7.21 7.05 6.76 6.65 6.55 6.47 6.65 6.76 6.89 6.91 6.84 7.01 7.12 7.24 7.37 7.28 7.21 8.08 7.95 7.73 7.65 7.58 7.95 8.08 8.43 8.3 8.02 7.95 8.02 8.1 8.19 8.3 8.43 8.78 8.66 8.28 8.33 8.39 8.46 8.55 8.66 8.78 9.4 9.26 9.13 9.02 8.66 8.7 8.83 8.91 9.02 9.13 9.75 9.61 9.49 9.38 9.07 9.12 9.19 9.28 9.38 9.49 10.1 9.84 9.74 9.38 9.38 9.44 9.49 9.56 9.64 9.74 9.84 10.59 10.45 10.32 10.2 10.1 9.81 9.78 9.76 9.75 9.76 9.81 9.86 9.93 10.01 10.1 10.2 11.08 10.93 10.8 10.67 10.56 10.19 10.15 10.13 10.12 10.13 10.15 10.19 10.24 10.3 10.37 10.46 10.56 
99999 99999 99999 99999 99999 99999 99999 99999 2.1 5.04 6.61 8.77 7.72 8.68 3.12 9.14 7.1 3.8 7.13 9.44 3.25 5.58 9.68 1.12 0.75 0.38 99999 0.38 0.75 1.12 1.5 1.88 2.25 2.62 0.84 0.53 0.38 0.53 0.84 1.19 1.55 1.91 2.28 2.65 1.35 0.75 0.84 1.06 1.35 1.68 2.02 2.37 2.73 1.88 1.59 1.12 1.19 1.35 1.59 1.88 2.19 2.52 1.5 1.55 1.68 2.12 2.4 2.7 3.02 1.88 1.91 2.02 2.4 2.65 2.93 3.23 2.93 3.18 3.46 3.23 3.46 3.54 3.75 3.82 3.77 3.75 4.58 4.53 4.39 4.28 4.19 4.14 4.12 4.7 4.89 4.88 4.74 4.64 4.56 4.64 4.74 5.03 5.21 5.54 5.37 5.22 5.1 5.0 4.93 5.0 5.1 5.22 5.37 5.54 6.05 5.87 5.71 5.57 5.46 5.37 5.46 5.57 5.71 5.87 6.76 6.56 6.38 6.21 6.06 5.93 5.82 5.74 5.82 5.93 6.06 6.21 7.08 6.88 6.55 6.41 6.29 6.18 6.29 6.41 6.55 7.4 7.21 6.89 6.76 6.65 6.55 6.55 6.65 6.76 7.01 6.91 6.91 7.01 7.12 7.47 7.37 7.28 8.22 8.08 7.83 7.73 7.65 7.83 7.95 8.57 8.43 8.1 8.02 7.95 8.02 8.1 8.19 8.3 8.91 8.78 8.26 8.28 8.33 8.39 8.46 8.55 8.66 9.56 9.4 9.26 9.13 8.63 8.66 8.75 8.83 8.91 9.02 9.9 9.75 9.61 9.49 9.03 9.07 9.12 9.19 9.28 9.38 10.24 9.96 9.84 9.38 9.38 9.4 9.44 9.49 9.56 9.64 9.74 10.74 10.59 10.45 10.32 10.2 9.86 9.81 9.78 9.76 9.75 9.78 9.81 9.86 9.93 10.01 10.1 11.24 11.08 10.93 10.8 10.67 10.24 10.19 10.15 10.13 10.12 10.13 10.15 10.19 10.24 10.3 10.37 10.46 
